0 81450
1 82692
2 82223
3 81101
4 79523
5 81259
6 81648
7 80572
8 81017
9 80022
10 79940
11 80875
12 79872
13 81570
14 82142
15 82213
16 81317
17 83227
18 81761
19 80518
20 80154
21 80576
22 81545
23 81228
24 80513
25 80728
26 81928
27 81169
28 79530
29 81226
30 80299
31 80286
32 80282
33 79959
34 79798
35 77973
36 78797
37 78952
38 79585
39 79469
40 79768
41 78757
42 79316
43 79435
44 79996
45 80483
46 80436
47 79507
48 79942
49 81196
50 80910
51 79785
52 80815
53 79300
54 79716
55 80240
56 81158
57 79059
58 78905
59 79888
60 80551
61 80155
62 78276
63 79124
64 79645
65 81291
66 81222
67 80707
68 80410
69 80661
70 80452
71 80875
72 81100
73 81284
74 81215
75 80300
76 82272
77 82255
78 81717
79 80914
80 81050
81 82356
82 82435
83 81253
84 79774
85 81496
86 81900
87 80775
88 81108
89 80104
90 80074
91 80997
92 80069
93 81757
94 82310
95 82341
96 81522
97 83352
98 81890
99 80580
100 80225
101 80638
102 81659
103 81321
104 80590
105 80743
106 81953
107 81201
108 79478
109 81066
110 80477
111 80594
112 80649
113 80347
114 80236
115 78366
116 79379
117 79433
118 79916
119 79742
120 80027
121 78883
122 79465
123 79447
124 80065
125 80580
126 80677
127 79555
128 80209
129 81475
130 81177
131 80005
132 81053
133 79558
134 79864
135 80160
136 81066
137 79092
138 78820
139 79688
140 80436
141 80161
142 78243
143 79163
144 79779
145 81408
146 81249
147 80671
148 80537
149 80699
150 80440
151 80859
152 81177
153 81519
154 81264
155 80432
156 82272
157 82131
158 81498
159 80445
160 76272
161 77337
162 77354
163 76958
164 75785
165 77115
166 77408
167 76471
168 76702
169 75851
170 75863
171 76587
172 75841
173 77187
174 77713
175 77750
176 77169
177 78640
178 77405
179 76362
180 76072
181 76446
182 77188
183 76845
184 76280
185 76396
186 77463
187 76856
188 75468
189 76790
190 76297
191 76278
192 76317
193 76077
194 75919
195 74360
196 75099
197 75115
198 75479
199 75286
200 75549
201 74787
202 75249
203 75058
204 75703
205 76168
206 76331
207 75435
208 76035
209 77086
210 76797
211 75790
212 76598
213 75402
214 75659
215 75843
216 76711
217 75245
218 74964
219 75665
220 76087
221 75735
222 74301
223 74979
224 75378
225 76708
226 76551
227 76049
228 76010
229 76115
230 75902
231 76259
232 76523
233 76846
234 76609
235 75993
236 77350
237 77268
238 76752
239 75843
240 75863
241 76858
242 76866
243 76387
244 75801
245 77073
246 77368
247 76438
248 76702
249 75791
250 75798
251 76461
252 75666
253 77078
254 77737
255 77729
256 77129
257 78615
258 77218
259 76261
260 75906
261 76418
262 77157
263 76652
264 76050
265 76286
266 77314
267 76659
268 75301
269 76651
270 75876
271 75934
272 75931
273 75507
274 75303
275 73807
276 74605
277 74665
278 74950
279 74823
280 75098
281 74412
282 74838
283 74662
284 75380
285 75935
286 76089
287 75320
288 75734
289 76815
290 76690
291 75856
292 76490
293 75271
294 75233
295 75465
296 76359
297 74826
298 74507
299 75337
300 75864
301 75543
302 74095
303 74708
304 75125
305 76524
306 76382
307 75845
308 75821
309 75934
310 75733
311 76115
312 76404
313 76705
314 76466
315 75834
316 77154
317 76996
318 76551
319 75552
320 75650
321 76637
322 76587
323 76064
324 75358
325 77226
326 77475
327 76583
328 76823
329 75878
330 75837
331 76442
332 75617
333 76969
334 77595
335 77554
336 76964
337 78494
338 76985
339 76052
340 75669
341 76189
342 77018
343 76543
344 75915
345 76205
346 77257
347 76560
348 75217
349 76546
350 75673
351 75741
352 75765
353 75301
354 75125
355 73612
356 74578
357 74581
358 74815
359 74622
360 74807
361 74050
362 74418
363 74346
364 75084
365 75479
366 75679
367 74905
368 75156
369 76159
370 76103
371 75549
372 76259
373 74742
374 74922
375 75107
376 75959
377 74173
378 74095
379 74986
380 75247
381 75193
382 73821
383 74318
384 74749
385 76160
386 76112
387 75551
388 75530
389 75808
390 75750
391 76005
392 76181
393 76516
394 76230
395 75578
396 76925
397 76870
398 76326
399 75339
400 75587
401 76535
402 76460
403 75875
404 75143
405 76841
406 77648
407 76763
408 76951
409 76012
410 75973
411 76618
412 75809
413 77111
414 77727
415 77772
416 77135
417 78693
418 77277
419 76304
420 75937
421 76690
422 77540
423 77029
424 76371
425 76454
426 77642
427 77036
428 75609
429 76777
430 75975
431 76054
432 75978
433 75596
434 75451
435 73884
436 74715
437 74858
438 75010
439 74907
440 75079
441 74518
442 74813
443 74823
444 75492
445 75923
446 76128
447 74889
448 75144
449 76073
450 75944
451 75165
452 76059
453 74991
454 75126
455 75312
456 76324
457 74542
458 74515
459 75251
460 75554
461 75324
462 73907
463 74432
464 74813
465 76240
466 76147
467 75650
468 75623
469 75770
470 75707
471 75990
472 76147
473 76496
474 76145
475 75525
476 76859
477 76761
478 76184
479 75207
480 71254
481 72006
482 71920
483 71452
484 70894
485 72260
486 72876
487 72766
488 72806
489 72089
490 72090
491 72574
492 71951
493 72930
494 73356
495 73448
496 72882
497 74018
498 73131
499 72377
500 72074
501 72662
502 73304
503 73230
504 72701
505 73156
506 74022
507 73441
508 72103
509 73018
510 72427
511 72572
512 72432
513 71995
514 71959
515 70847
516 71338
517 71420
518 71621
519 71507
520 71854
521 71440
522 71776
523 71582
524 72082
525 72469
526 72753
527 71845
528 72209
529 72810
530 72800
531 72121
532 72792
533 72132
534 71913
535 71907
536 72681
537 71221
538 71092
539 71662
540 71861
541 71587
542 70555
543 70937
544 71033
545 72125
546 72015
547 71690
548 71677
549 71618
550 71491
551 71736
552 71896
553 72160
554 71861
555 71299
556 72353
557 72276
558 71773
559 70968
560 70940
561 71598
562 71525
563 71010
564 70450
565 71728
566 72326
567 71952
568 72588
569 71825
570 71781
571 72246
572 71577
573 72549
574 72935
575 72941
576 72449
577 73582
578 72639
579 71958
580 71754
581 72304
582 72912
583 72887
584 72422
585 72799
586 73575
587 72750
588 71596
589 72496
590 71947
591 72034
592 71848
593 71416
594 71494
595 70458
596 70927
597 71020
598 71116
599 71156
600 71462
601 70988
602 71290
603 71118
604 71635
605 71940
606 72039
607 71264
608 71627
609 72289
610 72199
611 71532
612 72221
613 71432
614 71211
615 71216
616 71935
617 70484
618 70368
619 71216
620 71413
621 71035
622 69962
623 70418
624 70535
625 71567
626 71427
627 71053
628 71010
629 71001
630 70871
631 71070
632 71300
633 71652
634 71373
635 70918
636 71991
637 72006
638 71510
639 70741
640 70765
641 71416
642 71259
643 70737
644 70159
645 71398
646 71950
647 71512
648 72124
649 71955
650 71826
651 72264
652 71624
653 72534
654 72971
655 73007
656 72508
657 73714
658 72762
659 72117
660 71964
661 72388
662 73002
663 72867
664 72420
665 72733
666 73564
667 72984
668 71930
669 72848
670 72051
671 72120
672 72045
673 71746
674 71655
675 70638
676 71241
677 71353
678 71554
679 71585
680 71930
681 71222
682 71507
683 71367
684 71813
685 71817
686 71956
687 71163
688 71411
689 72018
690 71923
691 71275
692 72014
693 71210
694 71055
695 71136
696 71860
697 70412
698 70322
699 71014
700 71243
701 70942
702 69799
703 70194
704 70269
705 71348
706 71247
707 70943
708 70986
709 71165
710 71100
711 71160
712 71289
713 71469
714 71200
715 70568
716 71672
717 71836
718 71369
719 70541
720 71070
721 71394
722 71260
723 70703
724 70079
725 71318
726 71856
727 71305
728 71890
729 71458
730 71909
731 72284
732 71638
733 72564
734 72884
735 72918
736 72392
737 73497
738 72485
739 71917
740 71754
741 72184
742 72823
743 72664
744 72174
745 72513
746 73301
747 72623
748 71638
749 72599
750 71767
751 71881
752 71672
753 71323
754 71313
755 70347
756 70952
757 71103
758 71240
759 71385
760 71730
761 71006
762 71284
763 71109
764 71527
765 71614
766 71757
767 70986
768 71362
769 72033
770 71822
771 71114
772 71815
773 70978
774 70896
775 71011
776 71736
777 70286
778 70272
779 71004
780 71416
781 70954
782 69906
783 70097
784 70215
785 71252
786 71223
787 71172
788 71047
789 71226
790 71073
791 71243
792 71390
793 71453
794 71206
795 70744
796 71831
797 71985
798 71542
799 70738
800 70910
801 71288
802 71116
803 70629
804 69926
805 71116
806 71649
807 71004
808 71516
809 71068
810 71479
811 72432
812 71748
813 72691
814 72941
815 72968
816 72448
817 73603
818 72681
819 72032
820 71872
821 72265
822 72836
823 72625
824 72085
825 72576
826 73392
827 72708
828 71655
829 72453
830 71653
831 71762
832 71733
833 71350
834 71178
835 70223
836 70932
837 71045
838 71289
839 71269
840 71565
841 70846
842 71094
843 70814
844 71320
845 71589
846 71739
847 70927
848 71118
849 71935
850 71761
851 71104
852 71678
853 70823
854 70722
855 70903
856 71469
857 70047
858 70105
859 70775
860 71214
861 70652
862 69597
863 69847
864 69873
865 70956
866 70967
867 70947
868 70895
869 71079
870 70886
871 71113
872 71298
873 71200
874 70961
875 70619
876 71682
877 71841
878 71474
879 70658
880 71057
881 71483
882 71305
883 70711
884 69960
885 71172
886 71699
887 71055
888 71429
889 70910
890 71314
891 71965
892 71872
893 72752
894 72974
895 73014
896 72492
897 73619
898 72726
899 72104
900 71903
901 72271
902 72782
903 72618
904 72134
905 72580
906 73479
907 72808
908 71770
909 72467
910 71647
911 71756
912 71693
913 71322
914 71177
915 70268
916 70996
917 71024
918 71317
919 71269
920 71521
921 70759
922 71031
923 70756
924 71245
925 71501
926 71711
927 70997
928 71506
929 72270
930 72115
931 71350
932 71821
933 71011
934 70824
935 71109
936 71759
937 70361
938 70255
939 70916
940 71277
941 71029
942 69725
943 70010
944 70234
945 71407
946 71344
947 71257
948 71143
949 71374
950 71171
951 71274
952 71444
953 71547
954 71235
955 70736
956 71815
957 72026
958 71482
959 70762
960 71019
961 71438
962 71278
963 70565
964 69799
965 71016
966 71513
967 70883
968 71222
969 70688
970 71005
971 71628
972 71321
973 72746
974 72975
975 72991
976 72450
977 73580
978 72641
979 72057
980 71773
981 72151
982 72688
983 72518
984 72008
985 72276
986 73228
987 72514
988 71445
989 72199
990 71475
991 71551
992 71525
993 71047
994 70892
995 69962
996 70742
997 70803
998 71062
999 71016
1000 71167
1001 70385
1002 70533
1003 70470
1004 70972
1005 71221
1006 71386
1007 70655
1008 71183
1009 71930
1010 71674
1011 70892
1012 71319
1013 70557
1014 70369
1015 70832
1016 71609
1017 70128
1018 70002
1019 70710
1020 71040
1021 70801
1022 69462
1023 69781
1024 70090
1025 71191
1026 71150
1027 71072
1028 70893
1029 71182
1030 71078
1031 71203
1032 71401
1033 71526
1034 71218
1035 70675
1036 71714
1037 71832
1038 71327
1039 70689
1040 70863
1041 71289
1042 71172
1043 70476
1044 69727
1045 70975
1046 71461
1047 70786
1048 71094
1049 70572
1050 70887
1051 71436
1052 71048
1053 72262
1054 73009
1055 73023
1056 72496
1057 73635
1058 72666
1059 72077
1060 71845
1061 72161
1062 72674
1063 72436
1064 71936
1065 72229
1066 73106
1067 72317
1068 71214
1069 72077
1070 71147
1071 71317
1072 71437
1073 71140
1074 71002
1075 69815
1076 70609
1077 70678
1078 70847
1079 70788
1080 70972
1081 70311
1082 70677
1083 70553
1084 71052
1085 71281
1086 71534
1087 70910
1088 71360
1089 72114
1090 72062
1091 71264
1092 71614
1093 70696
1094 70599
1095 71050
1096 71739
1097 70389
1098 70326
1099 70907
1100 71360
1101 71087
1102 69839
1103 70041
1104 70337
1105 71514
1106 71508
1107 71241
1108 70984
1109 71208
1110 71041
1111 71352
1112 71470
1113 71405
1114 71027
1115 70555
1116 71652
1117 71770
1118 71360
1119 70522
1120 67150
1121 67499
1122 67448
1123 66937
1124 66447
1125 67433
1126 67738
1127 67162
1128 67406
1129 67109
1130 67394
1131 67832
1132 67491
1133 68289
1134 68789
1135 69308
1136 68863
1137 69815
1138 69130
1139 68774
1140 68630
1141 68906
1142 69239
1143 68982
1144 68586
1145 68904
1146 69435
1147 68774
1148 67965
1149 68525
1150 67974
1151 68109
1152 68241
1153 68075
1154 67895
1155 67038
1156 67675
1157 67756
1158 67959
1159 67919
1160 68041
1161 67494
1162 67771
1163 67628
1164 67987
1165 68103
1166 68328
1167 67652
1168 68046
1169 68544
1170 68664
1171 67992
1172 68416
1173 67629
1174 67619
1175 67885
1176 68393
1177 67442
1178 67294
1179 67701
1180 68007
1181 67776
1182 66754
1183 66827
1184 67185
1185 68105
1186 68085
1187 67893
1188 67792
1189 67962
1190 67732
1191 68007
1192 68101
1193 67941
1194 67604
1195 67179
1196 67862
1197 67959
1198 67656
1199 67003
1200 66440
1201 66749
1202 66703
1203 66179
1204 65663
1205 66555
1206 66892
1207 66365
1208 66605
1209 66282
1210 66492
1211 66853
1212 66561
1213 67325
1214 67731
1215 67928
1216 68080
1217 68873
1218 68237
1219 67919
1220 67686
1221 67889
1222 68288
1223 67986
1224 67629
1225 67920
1226 68453
1227 67995
1228 67306
1229 67831
1230 67355
1231 67381
1232 67475
1233 67327
1234 67126
1235 66254
1236 66743
1237 66821
1238 67088
1239 66987
1240 67151
1241 66569
1242 66717
1243 66593
1244 66936
1245 67116
1246 67296
1247 66692
1248 67083
1249 67589
1250 67671
1251 67167
1252 67449
1253 66708
1254 66659
1255 66917
1256 67385
1257 66545
1258 66429
1259 66781
1260 67050
1261 66889
1262 65981
1263 66103
1264 66465
1265 67273
1266 67220
1267 67117
1268 66991
1269 67130
1270 66988
1271 67158
1272 67314
1273 67173
1274 66954
1275 66437
1276 67112
1277 67159
1278 66822
1279 66285
1280 63565
1281 63795
1282 63761
1283 63413
1284 63133
1285 63719
1286 63856
1287 63553
1288 63620
1289 63330
1290 63514
1291 63720
1292 63693
1293 64150
1294 64509
1295 64711
1296 64616
1297 65676
1298 65313
1299 65084
1300 64906
1301 65025
1302 65242
1303 64977
1304 64734
1305 64839
1306 65160
1307 64945
1308 64378
1309 64604
1310 64357
1311 64326
1312 64414
1313 64258
1314 64147
1315 63637
1316 63858
1317 63922
1318 64198
1319 64279
1320 64349
1321 63826
1322 63944
1323 63945
1324 64181
1325 64163
1326 64363
1327 63921
1328 64241
1329 64636
1330 64599
1331 64274
1332 64345
1333 64003
1334 63951
1335 64187
1336 64401
1337 63750
1338 63720
1339 63848
1340 63997
1341 63935
1342 63496
1343 63453
1344 63525
1345 64121
1346 64153
1347 64067
1348 63851
1349 63955
1350 63846
1351 63884
1352 63948
1353 63935
1354 63737
1355 63500
1356 63922
1357 63998
1358 63769
1359 63500
1360 62879
1361 63058
1362 63006
1363 62733
1364 62483
1365 62959
1366 63126
1367 62976
1368 62998
1369 62686
1370 62887
1371 63077
1372 62999
1373 63380
1374 63624
1375 63776
1376 63692
1377 64336
1378 64487
1379 64311
1380 64153
1381 64226
1382 64424
1383 64270
1384 64039
1385 64156
1386 64397
1387 64134
1388 63679
1389 63794
1390 63584
1391 63591
1392 63607
1393 63454
1394 63358
1395 62924
1396 63221
1397 63186
1398 63464
1399 63538
1400 63588
1401 63163
1402 63279
1403 63279
1404 63484
1405 63445
1406 63545
1407 63182
1408 63432
1409 63763
1410 63763
1411 63528
1412 63494
1413 63294
1414 63361
1415 63506
1416 63719
1417 63196
1418 63138
1419 63178
1420 63272
1421 63258
1422 62881
1423 62945
1424 63027
1425 63564
1426 63562
1427 63522
1428 63453
1429 63608
1430 63514
1431 63667
1432 63588
1433 63435
1434 63320
1435 63019
1436 63343
1437 63269
1438 63039
1439 62828
1440 62833
1441 62991
1442 62953
1443 62650
1444 62383
1445 62844
1446 63019
1447 62857
1448 62879
1449 62606
1450 62831
1451 63021
1452 62850
1453 63233
1454 63475
1455 63613
1456 63494
1457 64139
1458 64043
1459 64361
1460 64108
1461 64157
1462 64401
1463 64253
1464 64011
1465 64155
1466 64408
1467 64111
1468 63616
1469 63746
1470 63471
1471 63545
1472 63647
1473 63418
1474 63290
1475 62775
1476 63075
1477 63051
1478 63265
1479 63366
1480 63414
1481 63035
1482 63175
1483 63124
1484 63378
1485 63358
1486 63446
1487 63036
1488 63330
1489 63630
1490 63692
1491 63390
1492 63360
1493 63199
1494 63180
1495 63466
1496 63699
1497 63296
1498 63225
1499 63283
1500 63298
1501 63321
1502 62907
1503 63071
1504 63178
1505 63658
1506 63615
1507 63563
1508 63584
1509 63631
1510 63440
1511 63588
1512 63493
1513 63352
1514 63275
1515 62985
1516 63339
1517 63370
1518 63107
1519 62760
1520 62764
1521 62889
1522 62847
1523 62540
1524 62286
1525 62731
1526 62881
1527 62724
1528 62747
1529 62530
1530 62697
1531 62947
1532 62787
1533 63146
1534 63409
1535 63532
1536 63424
1537 64029
1538 63889
1539 63866
1540 64104
1541 64089
1542 64353
1543 64203
1544 63997
1545 64125
1546 64396
1547 64122
1548 63701
1549 63817
1550 63587
1551 63605
1552 63641
1553 63485
1554 63286
1555 62752
1556 63044
1557 63053
1558 63184
1559 63286
1560 63318
1561 62889
1562 63080
1563 62950
1564 63190
1565 63178
1566 63258
1567 62903
1568 63165
1569 63549
1570 63615
1571 63214
1572 63284
1573 63058
1574 63090
1575 63289
1576 63533
1577 63063
1578 62985
1579 63109
1580 63173
1581 63196
1582 62731
1583 62896
1584 63002
1585 63498
1586 63437
1587 63367
1588 63374
1589 63418
1590 63224
1591 63349
1592 63244
1593 63189
1594 63138
1595 62920
1596 63319
1597 63288
1598 63020
1599 62673
1600 62780
1601 62964
1602 62882
1603 62607
1604 62355
1605 62785
1606 62875
1607 62729
1608 62818
1609 62619
1610 62661
1611 62954
1612 62778
1613 63126
1614 63346
1615 63458
1616 63336
1617 63894
1618 63676
1619 63597
1620 63605
1621 64134
1622 64303
1623 64142
1624 64004
1625 64096
1626 64376
1627 64148
1628 63648
1629 63878
1630 63637
1631 63654
1632 63547
1633 63370
1634 63276
1635 62746
1636 62999
1637 63048
1638 63104
1639 63123
1640 63163
1641 62845
1642 63005
1643 62794
1644 63014
1645 62984
1646 63084
1647 62883
1648 63167
1649 63529
1650 63469
1651 63091
1652 63121
1653 62887
1654 62888
1655 63090
1656 63432
1657 63006
1658 62911
1659 63051
1660 63035
1661 63023
1662 62598
1663 62799
1664 62944
1665 63316
1666 63225
1667 63263
1668 63300
1669 63297
1670 63206
1671 63378
1672 63282
1673 63307
1674 63169
1675 62977
1676 63378
1677 63295
1678 63040
1679 62733
1680 62733
1681 62905
1682 62839
1683 62557
1684 62305
1685 62731
1686 62836
1687 62687
1688 62805
1689 62615
1690 62668
1691 62934
1692 62725
1693 63154
1694 63368
1695 63409
1696 63274
1697 63785
1698 63571
1699 63435
1700 63410
1701 63626
1702 64309
1703 64114
1704 63994
1705 64078
1706 64349
1707 64074
1708 63616
1709 63858
1710 63621
1711 63657
1712 63532
1713 63324
1714 63246
1715 62722
1716 62974
1717 63022
1718 63099
1719 63113
1720 63269
1721 62988
1722 63176
1723 62938
1724 63063
1725 63100
1726 63208
1727 62990
1728 63218
1729 63525
1730 63497
1731 63147
1732 63220
1733 62969
1734 63026
1735 63251
1736 63489
1737 63114
1738 62990
1739 63212
1740 63254
1741 63190
1742 62794
1743 62967
1744 63091
1745 63420
1746 63374
1747 63441
1748 63413
1749 63449
1750 63336
1751 63493
1752 63361
1753 63306
1754 63214
1755 62995
1756 63368
1757 63262
1758 63033
1759 62746
1760 62683
1761 62927
1762 62881
1763 62607
1764 62319
1765 62715
1766 62878
1767 62705
1768 62769
1769 62615
1770 62642
1771 62887
1772 62699
1773 63136
1774 63340
1775 63366
1776 63207
1777 63675
1778 63467
1779 63325
1780 63245
1781 63445
1782 63800
1783 64122
1784 63992
1785 64070
1786 64340
1787 64091
1788 63650
1789 63856
1790 63581
1791 63544
1792 63430
1793 63327
1794 63239
1795 62727
1796 63069
1797 63084
1798 63134
1799 63157
1800 63310
1801 63004
1802 63179
1803 62958
1804 63128
1805 63244
1806 63298
1807 63025
1808 63276
1809 63588
1810 63584
1811 63263
1812 63341
1813 63084
1814 63104
1815 63362
1816 63627
1817 63233
1818 63085
1819 63253
1820 63306
1821 63212
1822 62842
1823 63046
1824 63173
1825 63498
1826 63434
1827 63437
1828 63346
1829 63343
1830 63217
1831 63404
1832 63261
1833 63168
1834 63090
1835 62923
1836 63284
1837 63205
1838 62960
1839 62666
1840 62528
1841 62795
1842 62748
1843 62530
1844 62266
1845 62658
1846 62837
1847 62663
1848 62825
1849 62603
1850 62591
1851 62860
1852 62622
1853 63028
1854 63227
1855 63281
1856 63122
1857 63558
1858 63327
1859 63184
1860 63105
1861 63254
1862 63581
1863 63658
1864 64009
1865 64051
1866 64303
1867 64093
1868 63656
1869 63865
1870 63594
1871 63565
1872 63430
1873 63320
1874 63210
1875 62692
1876 63061
1877 63052
1878 63145
1879 63073
1880 63323
1881 63040
1882 63188
1883 62935
1884 63057
1885 63136
1886 63195
1887 62903
1888 63174
1889 63498
1890 63466
1891 63232
1892 63329
1893 63021
1894 63022
1895 63288
1896 63582
1897 63130
1898 63088
1899 63301
1900 63353
1901 63162
1902 62779
1903 63013
1904 63024
1905 63339
1906 63209
1907 63240
1908 63242
1909 63203
1910 63123
1911 63316
1912 63225
1913 63174
1914 63116
1915 62895
1916 63237
1917 63106
1918 62833
1919 62501
1920 62415
1921 62644
1922 62649
1923 62450
1924 62258
1925 62597
1926 62749
1927 62609
1928 62775
1929 62503
1930 62520
1931 62782
1932 62562
1933 62955
1934 63160
1935 63206
1936 63064
1937 63521
1938 63243
1939 63077
1940 62962
1941 63109
1942 63418
1943 63485
1944 63430
1945 64074
1946 64282
1947 64078
1948 63668
1949 63835
1950 63565
1951 63551
1952 63386
1953 63267
1954 63178
1955 62685
1956 63070
1957 63015
1958 63077
1959 63033
1960 63247
1961 62983
1962 63134
1963 62845
1964 63044
1965 63145
1966 63182
1967 62972
1968 63232
1969 63558
1970 63573
1971 63207
1972 63310
1973 63048
1974 62974
1975 63177
1976 63471
1977 63046
1978 62989
1979 63200
1980 63256
1981 63087
1982 62673
1983 62979
1984 63060
1985 63339
1986 63159
1987 63091
1988 63144
1989 63111
1990 63011
1991 63105
1992 63002
1993 62997
1994 62961
1995 62761
1996 63027
1997 62911
1998 62667
1999 62338
2000 62426
2001 62637
2002 62631
2003 62444
2004 62220
2005 62523
2006 62709
2007 62538
2008 62745
2009 62452
2010 62490
2011 62740
2012 62555
2013 62954
2014 63128
2015 63189
2016 63037
2017 63471
2018 63217
2019 63053
2020 62945
2021 63090
2022 63380
2023 63401
2024 63296
2025 63508
2026 64267
2027 64027
2028 63646
2029 63787
2030 63543
2031 63516
2032 63386
2033 63285
2034 63212
2035 62756
2036 63065
2037 62998
2038 63080
2039 63108
2040 63268
2041 62970
2042 63134
2043 62917
2044 63107
2045 63217
2046 63186
2047 63005
2048 63229
2049 63510
2050 63464
2051 63168
2052 63246
2053 62957
2054 62992
2055 63264
2056 63577
2057 63131
2058 63044
2059 63257
2060 63270
2061 63018
2062 62630
2063 62896
2064 62985
2065 63307
2066 63188
2067 63077
2068 63086
2069 63068
2070 62963
2071 63141
2072 63063
2073 63000
2074 62955
2075 62753
2076 63094
2077 62931
2078 62668
2079 62371
2080 62468
2081 62617
2082 62658
2083 62450
2084 62218
2085 62516
2086 62697
2087 62510
2088 62768
2089 62500
2090 62519
2091 62777
2092 62548
2093 63010
2094 63124
2095 63163
2096 63011
2097 63439
2098 63144
2099 63020
2100 62890
2101 63043
2102 63312
2103 63306
2104 63167
2105 63321
2106 63780
2107 64086
2108 63646
2109 63774
2110 63592
2111 63558
2112 63496
2113 63386
2114 63323
2115 62801
2116 63118
2117 63063
2118 63130
2119 63177
2120 63282
2121 62987
2122 63185
2123 63036
2124 63241
2125 63345
2126 63354
2127 63070
2128 63289
2129 63598
2130 63480
2131 63191
2132 63290
2133 62980
2134 63029
2135 63348
2136 63728
2137 63271
2138 63201
2139 63431
2140 63454
2141 63201
2142 62786
2143 63011
2144 63084
2145 63413
2146 63299
2147 63133
2148 63088
2149 63088
2150 62986
2151 63127
2152 63051
2153 63042
2154 62980
2155 62759
2156 63148
2157 62999
2158 62784
2159 62458
2160 62536
2161 62672
2162 62674
2163 62461
2164 62192
2165 62508
2166 62729
2167 62500
2168 62786
2169 62501
2170 62561
2171 62789
2172 62577
2173 62958
2174 63064
2175 63096
2176 62963
2177 63375
2178 63048
2179 62896
2180 62781
2181 62927
2182 63174
2183 63189
2184 63022
2185 63169
2186 63632
2187 63543
2188 63671
2189 63748
2190 63576
2191 63552
2192 63495
2193 63388
2194 63331
2195 62805
2196 63112
2197 63064
2198 63096
2199 63132
2200 63153
2201 62959
2202 63164
2203 63074
2204 63331
2205 63436
2206 63395
2207 63074
2208 63315
2209 63609
2210 63458
2211 63127
2212 63328
2213 62998
2214 63019
2215 63211
2216 63635
2217 63144
2218 63023
2219 63264
2220 63307
2221 63105
2222 62656
2223 62854
2224 62918
2225 63270
2226 63159
2227 63003
2228 63023
2229 63017
2230 62930
2231 63070
2232 63015
2233 63000
2234 62971
2235 62765
2236 63125
2237 63029
2238 62869
2239 62520
2240 62523
2241 62647
2242 62585
2243 62340
2244 62073
2245 62434
2246 62680
2247 62463
2248 62685
2249 62418
2250 62451
2251 62611
2252 62403
2253 62778
2254 62929
2255 62964
2256 62792
2257 63260
2258 62920
2259 62801
2260 62666
2261 62803
2262 63029
2263 63023
2264 62838
2265 62999
2266 63416
2267 63305
2268 63136
2269 63799
2270 63557
2271 63548
2272 63524
2273 63374
2274 63338
2275 62849
2276 63087
2277 63006
2278 62995
2279 63031
2280 63155
2281 62958
2282 63142
2283 63075
2284 63255
2285 63390
2286 63383
2287 63032
2288 63187
2289 63527
2290 63403
2291 63053
2292 63268
2293 62937
2294 62971
2295 63182
2296 63543
2297 63068
2298 62887
2299 63167
2300 63256
2301 63053
2302 62596
2303 62736
2304 62867
2305 63217
2306 63110
2307 62976
2308 62982
2309 63002
2310 62896
2311 62979
2312 62944
2313 62849
2314 62833
2315 62695
2316 63058
2317 62930
2318 62772
2319 62488
2320 62571
2321 62667
2322 62624
2323 62388
2324 62106
2325 62476
2326 62742
2327 62479
2328 62688
2329 62451
2330 62430
2331 62617
2332 62386
2333 62811
2334 62988
2335 63033
2336 62852
2337 63296
2338 62900
2339 62767
2340 62616
2341 62746
2342 63007
2343 63003
2344 62833
2345 62943
2346 63283
2347 63122
2348 62919
2349 63369
2350 63639
2351 63598
2352 63612
2353 63460
2354 63424
2355 62875
2356 63107
2357 63079
2358 63080
2359 63112
2360 63213
2361 62976
2362 63201
2363 63070
2364 63190
2365 63324
2366 63356
2367 62993
2368 63128
2369 63487
2370 63379
2371 63063
2372 63282
2373 62880
2374 62887
2375 63107
2376 63484
2377 63042
2378 62852
2379 63130
2380 63226
2381 63031
2382 62573
2383 62742
2384 62900
2385 63256
2386 63133
2387 63006
2388 62960
2389 62992
2390 62923
2391 63008
2392 62952
2393 62927
2394 62873
2395 62696
2396 63046
2397 62942
2398 62776
2399 62529
2400 60278
2401 60326
2402 60295
2403 60143
2404 60010
2405 60270
2406 60387
2407 60212
2408 60298
2409 60152
2410 60122
2411 60180
2412 60077
2413 60200
2414 60356
2415 60414
2416 60288
2417 60581
2418 60396
2419 60306
2420 60268
2421 60315
2422 60395
2423 60464
2424 60347
2425 60429
2426 60549
2427 60549
2428 60400
2429 60659
2430 60647
2431 61181
2432 61175
2433 61092
2434 61079
2435 60768
2436 60873
2437 60916
2438 60977
2439 60974
2440 61062
2441 60799
2442 61024
2443 60914
2444 60936
2445 60966
2446 61098
2447 60764
2448 60936
2449 61029
2450 60995
2451 60814
2452 60992
2453 60741
2454 60747
2455 60981
2456 61234
2457 61031
2458 60790
2459 60874
2460 60875
2461 60740
2462 60524
2463 60567
2464 60698
2465 60897
2466 60724
2467 60681
2468 60640
2469 60696
2470 60604
2471 60630
2472 60508
2473 60638
2474 60605
2475 60500
2476 60526
2477 60530
2478 60466
2479 60324
2480 58928
2481 58863
2482 58792
2483 58747
2484 58699
2485 58799
2486 58908
2487 58837
2488 58784
2489 58743
2490 58688
2491 58679
2492 58551
2493 58623
2494 58611
2495 58622
2496 58601
2497 58646
2498 58660
2499 58649
2500 58634
2501 58699
2502 58732
2503 58822
2504 58796
2505 58861
2506 58964
2507 58986
2508 58959
2509 59036
2510 59065
2511 59195
2512 59765
2513 59738
2514 59748
2515 59565
2516 59547
2517 59479
2518 59504
2519 59486
2520 59532
2521 59393
2522 59551
2523 59502
2524 59458
2525 59429
2526 59571
2527 59366
2528 59439
2529 59457
2530 59383
2531 59288
2532 59334
2533 59311
2534 59315
2535 59502
2536 59563
2537 59625
2538 59386
2539 59253
2540 59246
2541 59165
2542 59084
2543 59146
2544 59236
2545 59294
2546 59260
2547 59223
2548 59223
2549 59261
2550 59209
2551 59246
2552 59165
2553 59210
2554 59236
2555 59128
2556 59105
2557 59062
2558 58999
2559 58961
2560 58851
2561 58833
2562 58745
2563 58699
2564 58628
2565 58721
2566 58805
2567 58756
2568 58729
2569 58687
2570 58640
2571 58675
2572 58519
2573 58591
2574 58578
2575 58575
2576 58574
2577 58613
2578 58601
2579 58646
2580 58628
2581 58658
2582 58695
2583 58794
2584 58731
2585 58796
2586 58861
2587 58878
2588 58856
2589 58944
2590 58967
2591 59066
2592 59180
2593 59715
2594 59714
2595 59567
2596 59584
2597 59504
2598 59473
2599 59450
2600 59490
2601 59371
2602 59503
2603 59467
2604 59378
2605 59383
2606 59484
2607 59221
2608 59385
2609 59397
2610 59247
2611 59141
2612 59223
2613 59289
2614 59290
2615 59386
2616 59432
2617 59413
2618 59164
2619 59047
2620 59089
2621 58961
2622 58896
2623 58935
2624 59034
2625 59093
2626 59057
2627 59058
2628 59070
2629 59130
2630 59022
2631 59067
2632 59013
2633 59009
2634 59097
2635 58957
2636 59037
2637 58984
2638 58942
2639 58887
2640 58797
2641 58816
2642 58769
2643 58737
2644 58680
2645 58764
2646 58811
2647 58770
2648 58709
2649 58643
2650 58607
2651 58592
2652 58467
2653 58517
2654 58473
2655 58484
2656 58489
2657 58491
2658 58501
2659 58543
2660 58567
2661 58601
2662 58654
2663 58760
2664 58700
2665 58781
2666 58806
2667 58780
2668 58773
2669 58851
2670 58896
2671 58930
2672 59050
2673 59139
2674 59703
2675 59514
2676 59533
2677 59465
2678 59404
2679 59402
2680 59457
2681 59384
2682 59509
2683 59514
2684 59368
2685 59399
2686 59456
2687 59234
2688 59340
2689 59364
2690 59224
2691 59124
2692 59193
2693 59256
2694 59244
2695 59336
2696 59424
2697 59379
2698 59118
2699 59013
2700 59036
2701 58845
2702 58806
2703 58864
2704 59016
2705 59088
2706 59028
2707 59103
2708 59103
2709 59093
2710 59005
2711 59078
2712 59011
2713 58989
2714 59073
2715 58917
2716 59025
2717 58951
2718 58900
2719 58841
2720 58807
2721 58842
2722 58792
2723 58716
2724 58668
2725 58712
2726 58790
2727 58780
2728 58677
2729 58589
2730 58561
2731 58548
2732 58459
2733 58508
2734 58445
2735 58438
2736 58454
2737 58457
2738 58472
2739 58479
2740 58503
2741 58548
2742 58603
2743 58680
2744 58620
2745 58704
2746 58755
2747 58719
2748 58669
2749 58728
2750 58729
2751 58767
2752 58888
2753 58907
2754 59032
2755 59432
2756 59423
2757 59370
2758 59338
2759 59348
2760 59414
2761 59389
2762 59474
2763 59476
2764 59282
2765 59318
2766 59389
2767 59206
2768 59357
2769 59411
2770 59197
2771 59124
2772 59161
2773 59181
2774 59120
2775 59191
2776 59259
2777 59233
2778 59053
2779 58966
2780 58952
2781 58781
2782 58714
2783 58777
2784 58925
2785 59003
2786 58983
2787 59061
2788 59067
2789 59073
2790 58982
2791 59041
2792 58979
2793 58983
2794 59023
2795 58867
2796 58978
2797 58892
2798 58846
2799 58799
2800 58721
2801 58716
2802 58659
2803 58616
2804 58529
2805 58560
2806 58610
2807 58641
2808 58579
2809 58519
2810 58488
2811 58512
2812 58450
2813 58485
2814 58457
2815 58438
2816 58441
2817 58476
2818 58441
2819 58426
2820 58447
2821 58461
2822 58526
2823 58585
2824 58557
2825 58607
2826 58656
2827 58620
2828 58562
2829 58573
2830 58590
2831 58598
2832 58732
2833 58718
2834 58777
2835 58808
2836 59418
2837 59336
2838 59270
2839 59266
2840 59282
2841 59262
2842 59334
2843 59352
2844 59239
2845 59266
2846 59340
2847 59179
2848 59283
2849 59454
2850 59212
2851 59078
2852 59126
2853 59071
2854 59039
2855 59095
2856 59216
2857 59170
2858 58966
2859 58872
2860 58916
2861 58733
2862 58680
2863 58798
2864 58943
2865 59016
2866 58941
2867 59032
2868 58987
2869 59017
2870 58942
2871 58976
2872 58897
2873 58956
2874 58933
2875 58808
2876 58901
2877 58792
2878 58755
2879 58705
2880 58656
2881 58663
2882 58619
2883 58587
2884 58535
2885 58568
2886 58610
2887 58665
2888 58597
2889 58519
2890 58569
2891 58575
2892 58530
2893 58554
2894 58510
2895 58517
2896 58503
2897 58501
2898 58424
2899 58411
2900 58399
2901 58389
2902 58465
2903 58517
2904 58506
2905 58523
2906 58592
2907 58589
2908 58498
2909 58530
2910 58531
2911 58527
2912 58620
2913 58626
2914 58647
2915 58666
2916 58856
2917 59370
2918 59257
2919 59252
2920 59253
2921 59273
2922 59315
2923 59318
2924 59276
2925 59240
2926 59305
2927 59221
2928 59278
2929 59436
2930 59214
2931 59077
2932 59104
2933 59044
2934 58978
2935 59055
2936 59205
2937 59179
2938 58932
2939 58836
2940 58881
2941 58713
2942 58708
2943 58840
2944 58939
2945 58976
2946 58872
2947 58974
2948 58978
2949 59019
2950 58911
2951 58956
2952 58853
2953 58878
2954 58891
2955 58762
2956 58829
2957 58704
2958 58699
2959 58661
2960 58623
2961 58654
2962 58635
2963 58562
2964 58486
2965 58521
2966 58572
2967 58580
2968 58572
2969 58540
2970 58572
2971 58622
2972 58553
2973 58557
2974 58530
2975 58547
2976 58528
2977 58541
2978 58446
2979 58423
2980 58401
2981 58398
2982 58478
2983 58475
2984 58465
2985 58487
2986 58538
2987 58507
2988 58453
2989 58493
2990 58510
2991 58477
2992 58533
2993 58570
2994 58567
2995 58576
2996 58756
2997 58809
2998 59350
2999 59297
3000 59277
3001 59295
3002 59318
3003 59291
3004 59233
3005 59221
3006 59280
3007 59247
3008 59258
3009 59352
3010 59205
3011 59140
3012 59130
3013 59028
3014 58995
3015 59068
3016 59157
3017 59178
3018 58999
3019 58913
3020 58875
3021 58709
3022 58711
3023 58814
3024 58981
3025 59000
3026 58932
3027 59001
3028 59019
3029 59065
3030 58933
3031 58970
3032 58836
3033 58799
3034 58835
3035 58768
3036 58816
3037 58679
3038 58682
3039 58653
3040 58592
3041 58670
3042 58631
3043 58570
3044 58504
3045 58486
3046 58604
3047 58601
3048 58550
3049 58525
3050 58517
3051 58553
3052 58528
3053 58583
3054 58555
3055 58561
3056 58594
3057 58529
3058 58436
3059 58445
3060 58435
3061 58455
3062 58515
3063 58505
3064 58507
3065 58533
3066 58576
3067 58537
3068 58455
3069 58501
3070 58508
3071 58475
3072 58476
3073 58482
3074 58516
3075 58494
3076 58640
3077 58674
3078 58815
3079 59353
3080 59285
3081 59279
3082 59287
3083 59289
3084 59243
3085 59234
3086 59286
3087 59259
3088 59210
3089 59358
3090 59264
3091 59200
3092 59163
3093 59013
3094 59010
3095 59032
3096 59130
3097 59066
3098 58923
3099 58861
3100 58842
3101 58713
3102 58657
3103 58754
3104 58919
3105 58923
3106 58926
3107 58969
3108 58960
3109 58951
3110 58825
3111 58876
3112 58816
3113 58774
3114 58755
3115 58697
3116 58786
3117 58677
3118 58662
3119 58630
3120 58556
3121 58601
3122 58505
3123 58476
3124 58416
3125 58414
3126 58541
3127 58541
3128 58515
3129 58505
3130 58489
3131 58506
3132 58471
3133 58541
3134 58538
3135 58501
3136 58515
3137 58487
3138 58395
3139 58402
3140 58394
3141 58424
3142 58473
3143 58465
3144 58491
3145 58508
3146 58533
3147 58530
3148 58431
3149 58471
3150 58462
3151 58439
3152 58425
3153 58441
3154 58468
3155 58400
3156 58516
3157 58522
3158 58616
3159 58712
3160 59296
3161 59258
3162 59260
3163 59284
3164 59243
3165 59242
3166 59271
3167 59272
3168 59177
3169 59318
3170 59206
3171 59203
3172 59137
3173 59048
3174 59063
3175 59098
3176 59193
3177 59071
3178 58959
3179 58867
3180 58818
3181 58721
3182 58661
3183 58748
3184 58869
3185 58884
3186 58902
3187 58937
3188 58914
3189 58902
3190 58755
3191 58858
3192 58823
3193 58818
3194 58770
3195 58685
3196 58762
3197 58642
3198 58632
3199 58617
3200 58544
3201 58588
3202 58473
3203 58454
3204 58373
3205 58403
3206 58518
3207 58510
3208 58526
3209 58492
3210 58451
3211 58460
3212 58423
3213 58474
3214 58521
3215 58472
3216 58474
3217 58478
3218 58378
3219 58336
3220 58355
3221 58369
3222 58411
3223 58421
3224 58470
3225 58489
3226 58525
3227 58501
3228 58454
3229 58450
3230 58458
3231 58450
3232 58468
3233 58452
3234 58488
3235 58391
3236 58491
3237 58479
3238 58559
3239 58625
3240 58729
3241 59291
3242 59267
3243 59264
3244 59233
3245 59224
3246 59270
3247 59235
3248 59224
3249 59291
3250 59178
3251 59211
3252 59129
3253 59073
3254 59131
3255 59143
3256 59184
3257 59007
3258 58925
3259 58827
3260 58794
3261 58764
3262 58713
3263 58707
3264 58806
3265 58865
3266 58897
3267 58905
3268 58870
3269 58868
3270 58720
3271 58783
3272 58776
3273 58742
3274 58734
3275 58657
3276 58753
3277 58638
3278 58617
3279 58594
3280 58536
3281 58626
3282 58508
3283 58476
3284 58371
3285 58409
3286 58503
3287 58462
3288 58487
3289 58451
3290 58449
3291 58456
3292 58379
3293 58463
3294 58492
3295 58461
3296 58510
3297 58471
3298 58380
3299 58358
3300 58374
3301 58400
3302 58441
3303 58443
3304 58505
3305 58527
3306 58570
3307 58558
3308 58473
3309 58454
3310 58439
3311 58438
3312 58480
3313 58477
3314 58522
3315 58431
3316 58531
3317 58491
3318 58563
3319 58601
3320 58658
3321 58754
3322 59298
3323 59249
3324 59186
3325 59138
3326 59155
3327 59198
3328 59212
3329 59285
3330 59178
3331 59167
3332 59099
3333 58988
3334 59020
3335 59023
3336 59038
3337 58980
3338 58882
3339 58761
3340 58731
3341 58689
3342 58633
3343 58671
3344 58738
3345 58792
3346 58813
3347 58848
3348 58758
3349 58791
3350 58657
3351 58672
3352 58665
3353 58606
3354 58603
3355 58556
3356 58633
3357 58552
3358 58560
3359 58514
3360 58586
3361 58615
3362 58483
3363 58414
3364 58312
3365 58374
3366 58431
3367 58385
3368 58453
3369 58411
3370 58432
3371 58451
3372 58374
3373 58466
3374 58490
3375 58447
3376 58498
3377 58478
3378 58370
3379 58317
3380 58300
3381 58349
3382 58386
3383 58385
3384 58433
3385 58461
3386 58512
3387 58491
3388 58420
3389 58421
3390 58419
3391 58409
3392 58446
3393 58453
3394 58484
3395 58421
3396 58466
3397 58451
3398 58491
3399 58537
3400 58590
3401 58656
3402 58772
3403 59296
3404 59227
3405 59181
3406 59196
3407 59236
3408 59210
3409 59283
3410 59164
3411 59175
3412 59055
3413 58936
3414 58938
3415 59002
3416 58982
3417 58923
3418 58816
3419 58744
3420 58730
3421 58599
3422 58554
3423 58622
3424 58699
3425 58733
3426 58738
3427 58770
3428 58693
3429 58711
3430 58630
3431 58664
3432 58701
3433 58627
3434 58615
3435 58548
3436 58642
3437 58585
3438 58589
3439 58538
3440 58665
3441 58676
3442 58524
3443 58431
3444 58373
3445 58418
3446 58473
3447 58459
3448 58488
3449 58468
3450 58446
3451 58467
3452 58415
3453 58486
3454 58517
3455 58463
3456 58515
3457 58493
3458 58437
3459 58363
3460 58322
3461 58392
3462 58441
3463 58419
3464 58405
3465 58434
3466 58489
3467 58471
3468 58420
3469 58440
3470 58461
3471 58431
3472 58470
3473 58465
3474 58516
3475 58430
3476 58468
3477 58437
3478 58496
3479 58527
3480 58567
3481 58577
3482 58711
3483 58730
3484 59259
3485 59220
3486 59224
3487 59245
3488 59227
3489 59256
3490 59167
3491 59174
3492 59058
3493 59048
3494 59001
3495 59011
3496 58984
3497 58888
3498 58848
3499 58744
3500 58756
3501 58645
3502 58556
3503 58610
3504 58652
3505 58704
3506 58697
3507 58743
3508 58710
3509 58705
3510 58639
3511 58670
3512 58711
3513 58673
3514 58659
3515 58571
3516 58696
3517 58647
3518 58620
3519 58612
3520 58642
3521 58629
3522 58544
3523 58466
3524 58420
3525 58454
3526 58482
3527 58499
3528 58482
3529 58464
3530 58446
3531 58456
3532 58425
3533 58501
3534 58520
3535 58455
3536 58500
3537 58500
3538 58442
3539 58368
3540 58306
3541 58354
3542 58422
3543 58414
3544 58436
3545 58455
3546 58508
3547 58485
3548 58401
3549 58412
3550 58468
3551 58455
3552 58468
3553 58458
3554 58454
3555 58415
3556 58457
3557 58437
3558 58448
3559 58492
3560 58536
3561 58554
3562 58631
3563 58673
3564 58770
3565 59297
3566 59235
3567 59262
3568 59269
3569 59293
3570 59211
3571 59203
3572 59064
3573 59042
3574 59006
3575 58977
3576 58959
3577 58890
3578 58847
3579 58747
3580 58735
3581 58666
3582 58586
3583 58668
3584 58691
3585 58712
3586 58721
3587 58703
3588 58684
3589 58685
3590 58617
3591 58684
3592 58707
3593 58682
3594 58652
3595 58571
3596 58686
3597 58657
3598 58607
3599 58607
3600 58632
3601 58610
3602 58568
3603 58523
3604 58455
3605 58488
3606 58475
3607 58482
3608 58459
3609 58462
3610 58457
3611 58466
3612 58404
3613 58472
3614 58484
3615 58449
3616 58475
3617 58476
3618 58405
3619 58342
3620 58278
3621 58324
3622 58387
3623 58397
3624 58456
3625 58473
3626 58511
3627 58520
3628 58442
3629 58432
3630 58441
3631 58454
3632 58451
3633 58469
3634 58469
3635 58409
3636 58445
3637 58441
3638 58432
3639 58440
3640 58497
3641 58493
3642 58567
3643 58594
3644 58676
3645 58711
3646 59224
3647 59230
3648 59232
3649 59247
3650 59188
3651 59177
3652 59043
3653 59037
3654 58981
3655 58955
3656 58945
3657 58870
3658 58829
3659 58765
3660 58733
3661 58654
3662 58565
3663 58647
3664 58683
3665 58727
3666 58747
3667 58678
3668 58674
3669 58678
3670 58630
3671 58680
3672 58712
3673 58701
3674 58673
3675 58614
3676 58729
3677 58695
3678 58595
3679 58573
3680 58559
3681 58554
3682 58524
3683 58497
3684 58448
3685 58504
3686 58517
3687 58470
3688 58523
3689 58498
3690 58464
3691 58477
3692 58421
3693 58491
3694 58483
3695 58441
3696 58461
3697 58486
3698 58410
3699 58367
3700 58326
3701 58395
3702 58420
3703 58410
3704 58460
3705 58475
3706 58518
3707 58498
3708 58466
3709 58491
3710 58457
3711 58468
3712 58463
3713 58476
3714 58503
3715 58433
3716 58435
3717 58420
3718 58429
3719 58464
3720 58506
3721 58506
3722 58574
3723 58600
3724 58651
3725 58648
3726 58693
3727 59254
3728 59208
3729 59240
3730 59199
3731 59151
3732 59086
3733 59059
3734 58982
3735 58930
3736 58894
3737 58856
3738 58837
3739 58709
3740 58696
3741 58671
3742 58560
3743 58639
3744 58655
3745 58667
3746 58659
3747 58633
3748 58634
3749 58646
3750 58612
3751 58676
3752 58690
3753 58678
3754 58658
3755 58575
3756 58674
3757 58648
3758 58551
3759 58521
3760 58527
3761 58506
3762 58495
3763 58503
3764 58458
3765 58488
3766 58529
3767 58493
3768 58544
3769 58514
3770 58480
3771 58505
3772 58431
3773 58467
3774 58469
3775 58423
3776 58437
3777 58490
3778 58413
3779 58360
3780 58371
3781 58437
3782 58439
3783 58418
3784 58455
3785 58456
3786 58498
3787 58490
3788 58452
3789 58465
3790 58448
3791 58459
3792 58452
3793 58483
3794 58514
3795 58464
3796 58467
3797 58460
3798 58438
3799 58473
3800 58470
3801 58479
3802 58528
3803 58548
3804 58594
3805 58582
3806 58609
3807 58656
3808 59173
3809 59224
3810 59184
3811 59144
3812 59098
3813 59043
3814 58994
3815 58930
3816 58856
3817 58801
3818 58780
3819 58650
3820 58663
3821 58628
3822 58594
3823 58652
3824 58636
3825 58655
3826 58680
3827 58655
3828 58613
3829 58593
3830 58565
3831 58683
3832 58712
3833 58701
3834 58701
3835 58623
3836 58654
3837 58608
3838 58525
3839 58499
3840 58519
3841 58521
3842 58504
3843 58524
3844 58484
3845 58494
3846 58536
3847 58533
3848 58542
3849 58520
3850 58464
3851 58499
3852 58425
3853 58450
3854 58481
3855 58446
3856 58439
3857 58482
3858 58416
3859 58352
3860 58353
3861 58440
3862 58423
3863 58416
3864 58456
3865 58458
3866 58480
3867 58475
3868 58440
3869 58452
3870 58451
3871 58466
3872 58446
3873 58471
3874 58509
3875 58450
3876 58473
3877 58455
3878 58445
3879 58463
3880 58439
3881 58446
3882 58514
3883 58506
3884 58535
3885 58506
3886 58509
3887 58571
3888 58599
3889 59181
3890 59124
3891 59072
3892 59042
3893 59000
3894 58947
3895 58917
3896 58862
3897 58824
3898 58810
3899 58647
3900 58657
3901 58601
3902 58571
3903 58618
3904 58592
3905 58618
3906 58637
3907 58623
3908 58583
3909 58550
3910 58528
3911 58668
3912 58712
3913 58644
3914 58643
3915 58547
3916 58581
3917 58558
3918 58520
3919 58491
3920 58529
3921 58540
3922 58523
3923 58545
3924 58501
3925 58518
3926 58529
3927 58525
3928 58550
3929 58527
3930 58476
3931 58512
3932 58455
3933 58499
3934 58489
3935 58485
3936 58499
3937 58521
3938 58435
3939 58384
3940 58386
3941 58453
3942 58425
3943 58418
3944 58448
3945 58461
3946 58471
3947 58472
3948 58461
3949 58484
3950 58458
3951 58473
3952 58430
3953 58456
3954 58486
3955 58446
3956 58462
3957 58466
3958 58470
3959 58492
3960 58456
3961 58432
3962 58516
3963 58489
3964 58509
3965 58488
3966 58502
3967 58553
3968 58547
3969 58618
3970 59097
3971 59011
3972 58971
3973 58937
3974 58888
3975 58835
3976 58793
3977 58764
3978 58749
3979 58649
3980 58649
3981 58591
3982 58570
3983 58630
3984 58592
3985 58599
3986 58604
3987 58606
3988 58585
3989 58571
3990 58564
3991 58668
3992 58697
3993 58681
3994 58661
3995 58549
3996 58584
3997 58570
3998 58558
3999 58505
4000 58506
4001 58528
4002 58512
4003 58547
4004 58489
4005 58526
4006 58548
4007 58525
4008 58549
4009 58526
4010 58486
4011 58511
4012 58477
4013 58522
4014 58501
4015 58519
4016 58530
4017 58550
4018 58468
4019 58428
4020 58419
4021 58452
4022 58457
4023 58427
4024 58476
4025 58489
4026 58513
4027 58513
4028 58493
4029 58505
4030 58453
4031 58488
4032 58444
4033 58453
4034 58470
4035 58437
4036 58471
4037 58452
4038 58483
4039 58498
4040 58448
4041 58433
4042 58506
4043 58493
4044 58489
4045 58459
4046 58482
4047 58528
4048 58516
4049 58601
4050 58598
4051 59049
4052 59004
4053 58950
4054 58921
4055 58849
4056 58798
4057 58793
4058 58779
4059 58689
4060 58695
4061 58637
4062 58624
4063 58636
4064 58597
4065 58586
4066 58576
4067 58577
4068 58592
4069 58606
4070 58629
4071 58675
4072 58675
4073 58683
4074 58662
4075 58559
4076 58605
4077 58601
4078 58609
4079 58514
4080 58518
4081 58518
4082 58524
4083 58566
4084 58521
4085 58533
4086 58556
4087 58533
4088 58545
4089 58523
4090 58474
4091 58519
4092 58485
4093 58509
4094 58490
4095 58509
4096 58510
4097 58551
4098 58512
4099 58438
4100 58427
4101 58449
4102 58492
4103 58463
4104 58494
4105 58508
4106 58533
4107 58512
4108 58505
4109 58493
4110 58420
4111 58477
4112 58433
4113 58453
4114 58468
4115 58404
4116 58471
4117 58431
4118 58455
4119 58482
4120 58447
4121 58442
4122 58503
4123 58491
4124 58462
4125 58437
4126 58437
4127 58478
4128 58459
4129 58515
4130 58549
4131 58490
4132 59033
4133 58945
4134 58909
4135 58844
4136 58818
4137 58820
4138 58789
4139 58709
4140 58705
4141 58658
4142 58645
4143 58647
4144 58579
4145 58552
4146 58545
4147 58549
4148 58564
4149 58592
4150 58637
4151 58711
4152 58693
4153 58675
4154 58641
4155 58531
4156 58608
4157 58614
4158 58587
4159 58528
4160 58562
4161 58522
4162 58510
4163 58560
4164 58516
4165 58545
4166 58563
4167 58560
4168 58543
4169 58533
4170 58493
4171 58517
4172 58483
4173 58506
4174 58489
4175 58498
4176 58478
4177 58541
4178 58502
4179 58448
4180 58456
4181 58472
4182 58517
4183 58463
4184 58469
4185 58494
4186 58531
4187 58489
4188 58472
4189 58505
4190 58439
4191 58483
4192 58439
4193 58461
4194 58470
4195 58382
4196 58441
4197 58400
4198 58453
4199 58467
4200 58441
4201 58443
4202 58486
4203 58501
4204 58473
4205 58490
4206 58495
4207 58488
4208 58480
4209 58539
4210 58544
4211 58487
4212 58524
4213 59006
4214 58938
4215 58868
4216 58873
4217 58877
4218 58820
4219 58742
4220 58746
4221 58680
4222 58664
4223 58679
4224 58636
4225 58620
4226 58604
4227 58598
4228 58601
4229 58609
4230 58627
4231 58710
4232 58726
4233 58676
4234 58649
4235 58583
4236 58629
4237 58615
4238 58605
4239 58563
4240 58560
4241 58509
4242 58486
4243 58536
4244 58492
4245 58578
4246 58586
4247 58583
4248 58577
4249 58566
4250 58513
4251 58538
4252 58511
4253 58513
4254 58484
4255 58476
4256 58500
4257 58552
4258 58513
4259 58504
4260 58504
4261 58508
4262 58549
4263 58473
4264 58477
4265 58498
4266 58547
4267 58497
4268 58495
4269 58516
4270 58461
4271 58505
4272 58483
4273 58472
4274 58459
4275 58360
4276 58419
4277 58378
4278 58441
4279 58443
4280 58429
4281 58429
4282 58452
4283 58482
4284 58458
4285 58500
4286 58514
4287 58475
4288 58465
4289 58520
4290 58525
4291 58465
4292 58501
4293 58488
4294 58993
4295 58917
4296 58934
4297 58906
4298 58849
4299 58737
4300 58745
4301 58675
4302 58667
4303 58662
4304 58634
4305 58643
4306 58637
4307 58630
4308 58645
4309 58662
4310 58673
4311 58726
4312 58717
4313 58668
4314 58654
4315 58588
4316 58645
4317 58613
4318 58582
4319 58573
4320 58563
4321 58556
4322 58546
4323 58531
4324 58477
4325 58555
4326 58544
4327 58540
4328 58548
4329 58546
4330 58484
4331 58508
4332 58486
4333 58499
4334 58485
4335 58466
4336 58487
4337 58520
4338 58491
4339 58493
4340 58482
4341 58517
4342 58561
4343 58496
4344 58466
4345 58496
4346 58569
4347 58518
4348 58504
4349 58516
4350 58461
4351 58504
4352 58482
4353 58483
4354 58448
4355 58380
4356 58452
4357 58396
4358 58429
4359 58441
4360 58426
4361 58426
4362 58448
4363 58478
4364 58466
4365 58496
4366 58510
4367 58484
4368 58476
4369 58515
4370 58512
4371 58450
4372 58466
4373 58456
4374 58445
4375 58969
4376 58942
4377 58924
4378 58864
4379 58755
4380 58767
4381 58722
4382 58702
4383 58701
4384 58676
4385 58680
4386 58677
4387 58665
4388 58669
4389 58681
4390 58692
4391 58731
4392 58722
4393 58701
4394 58687
4395 58588
4396 58652
4397 58618
4398 58577
4399 58561
4400 58550
4401 58541
4402 58525
4403 58484
4404 58420
4405 58497
4406 58513
4407 58487
4408 58494
4409 58514
4410 58463
4411 58476
4412 58454
4413 58552
4414 58512
4415 58497
4416 58541
4417 58523
4418 58468
4419 58477
4420 58442
4421 58497
4422 58543
4423 58502
4424 58482
4425 58522
4426 58582
4427 58527
4428 58535
4429 58538
4430 58505
4431 58525
4432 58504
4433 58497
4434 58443
4435 58426
4436 58464
4437 58420
4438 58421
4439 58434
4440 58431
4441 58420
4442 58432
4443 58453
4444 58461
4445 58469
4446 58473
4447 58442
4448 58472
4449 58510
4450 58495
4451 58432
4452 58468
4453 58450
4454 58476
4455 58466
4456 58996
4457 58944
4458 58877
4459 58863
4460 58858
4461 58780
4462 58745
4463 58759
4464 58704
4465 58723
4466 58706
4467 58670
4468 58690
4469 58686
4470 58740
4471 58772
4472 58735
4473 58707
4474 58680
4475 58563
4476 58625
4477 58600
4478 58566
4479 58559
4480 58534
4481 58517
4482 58505
4483 58461
4484 58414
4485 58486
4486 58495
4487 58471
4488 58496
4489 58516
4490 58463
4491 58488
4492 58467
4493 58555
4494 58514
4495 58518
4496 58520
4497 58514
4498 58455
4499 58497
4500 58473
4501 58486
4502 58536
4503 58495
4504 58491
4505 58530
4506 58612
4507 58559
4508 58523
4509 58536
4510 58512
4511 58510
4512 58492
4513 58485
4514 58438
4515 58406
4516 58432
4517 58400
4518 58388
4519 58412
4520 58421
4521 58396
4522 58418
4523 58425
4524 58448
4525 58453
4526 58444
4527 58416
4528 58435
4529 58471
4530 58456
4531 58406
4532 58430
4533 58424
4534 58444
4535 58450
4536 58468
4537 58975
4538 58885
4539 58889
4540 58874
4541 58802
4542 58782
4543 58774
4544 58730
4545 58751
4546 58728
4547 58681
4548 58727
4549 58702
4550 58730
4551 58773
4552 58716
4553 58726
4554 58693
4555 58611
4556 58638
4557 58611
4558 58552
4559 58563
4560 58528
4561 58507
4562 58505
4563 58481
4564 58434
4565 58486
4566 58495
4567 58460
4568 58476
4569 58496
4570 58452
4571 58488
4572 58456
4573 58554
4574 58535
4575 58550
4576 58519
4577 58523
4578 58477
4579 58498
4580 58486
4581 58544
4582 58604
4583 58583
4584 58583
4585 58600
4586 58664
4587 58589
4588 58565
4589 58580
4590 58576
4591 58543
4592 58521
4593 58523
4594 58470
4595 58417
4596 58439
4597 58397
4598 58398
4599 58399
4600 58422
4601 58396
4602 58433
4603 58431
4604 58460
4605 58467
4606 58439
4607 58434
4608 58447
4609 58474
4610 58446
4611 58399
4612 58426
4613 58419
4614 58424
4615 58415
4616 58443
4617 58428
4618 58939
4619 58910
4620 58875
4621 58825
4622 58794
4623 58810
4624 58756
4625 58767
4626 58774
4627 58729
4628 58756
4629 58736
4630 58757
4631 58743
4632 58691
4633 58724
4634 58711
4635 58602
4636 58642
4637 58619
4638 58586
4639 58588
4640 58533
4641 58514
4642 58544
4643 58483
4644 58427
4645 58484
4646 58517
4647 58471
4648 58456
4649 58485
4650 58432
4651 58488
4652 58456
4653 58565
4654 58543
4655 58549
4656 58529
4657 58555
4658 58490
4659 58510
4660 58487
4661 58534
4662 58612
4663 58582
4664 58568
4665 58585
4666 58667
4667 58596
4668 58563
4669 58613
4670 58554
4671 58530
4672 58486
4673 58488
4674 58404
4675 58393
4676 58382
4677 58360
4678 58360
4679 58371
4680 58382
4681 58373
4682 58388
4683 58404
4684 58429
4685 58479
4686 58415
4687 58417
4688 58443
4689 58467
4690 58451
4691 58406
4692 58398
4693 58424
4694 58408
4695 58382
4696 58418
4697 58387
4698 58404
4699 58990
4700 58909
4701 58872
4702 58882
4703 58888
4704 58802
4705 58806
4706 58838
4707 58793
4708 58763
4709 58744
4710 58777
4711 58736
4712 58666
4713 58689
4714 58688
4715 58591
4716 58645
4717 58646
4718 58607
4719 58601
4720 58525
4721 58521
4722 58576
4723 58477
4724 58421
4725 58466
4726 58500
4727 58469
4728 58444
4729 58451
4730 58422
4731 58468
4732 58424
4733 58523
4734 58532
4735 58552
4736 58498
4737 58567
4738 58511
4739 58520
4740 58477
4741 58501
4742 58580
4743 58539
4744 58532
4745 58558
4746 58629
4747 58557
4748 58538
4749 58582
4750 58493
4751 58521
4752 58462
4753 58446
4754 58384
4755 58371
4756 58360
4757 58316
4758 58383
4759 58383
4760 58373
4761 58351
4762 58362
4763 58356
4764 58413
4765 58450
4766 58393
4767 58399
4768 58437
4769 58439
4770 58433
4771 58375
4772 58381
4773 58406
4774 58384
4775 58358
4776 58362
4777 58339
4778 58326
4779 58436
4780 58951
4781 58917
4782 58921
4783 58888
4784 58801
4785 58805
4786 58827
4787 58814
4788 58785
4789 58756
4790 58831
4791 58767
4792 58728
4793 58743
4794 58724
4795 58620
4796 58673
4797 58671
4798 58621
4799 58591
4800 58574
4801 58583
4802 58596
4803 58514
4804 58424
4805 58481
4806 58487
4807 58447
4808 58429
4809 58455
4810 58432
4811 58487
4812 58421
4813 58500
4814 58490
4815 58521
4816 58464
4817 58555
4818 58510
4819 58497
4820 58422
4821 58423
4822 58522
4823 58513
4824 58508
4825 58532
4826 58616
4827 58555
4828 58568
4829 58569
4830 58491
4831 58533
4832 58486
4833 58490
4834 58417
4835 58382
4836 58371
4837 58316
4838 58360
4839 58349
4840 58350
4841 58340
4842 58362
4843 58355
4844 58413
4845 58434
4846 58396
4847 58390
4848 58424
4849 58437
4850 58418
4851 58370
4852 58386
4853 58402
4854 58393
4855 58358
4856 58368
4857 58329
4858 58288
4859 58392
4860 58437
4861 58985
4862 58945
4863 58906
4864 58833
4865 58828
4866 58833
4867 58803
4868 58776
4869 58780
4870 58843
4871 58793
4872 58773
4873 58767
4874 58708
4875 58649
4876 58671
4877 58660
4878 58618
4879 58607
4880 58614
4881 58625
4882 58616
4883 58543
4884 58479
4885 58505
4886 58513
4887 58447
4888 58450
4889 58444
4890 58432
4891 58498
4892 58422
4893 58501
4894 58479
4895 58488
4896 58442
4897 58552
4898 58541
4899 58488
4900 58413
4901 58422
4902 58510
4903 58499
4904 58486
4905 58499
4906 58608
4907 58554
4908 58578
4909 58588
4910 58540
4911 58540
4912 58474
4913 58477
4914 58459
4915 58402
4916 58391
4917 58338
4918 58402
4919 58358
4920 58382
4921 58384
4922 58387
4923 58369
4924 58427
4925 58461
4926 58424
4927 58383
4928 58418
4929 58406
4930 58396
4931 58356
4932 58359
4933 58365
4934 58380
4935 58356
4936 58367
4937 58326
4938 58264
4939 58385
4940 58416
4941 58448
4942 58979
4943 58935
4944 58857
4945 58835
4946 58830
4947 58780
4948 58774
4949 58791
4950 58826
4951 58768
4952 58769
4953 58734
4954 58707
4955 58651
4956 58679
4957 58693
4958 58668
4959 58609
4960 58588
4961 58617
4962 58610
4963 58551
4964 58531
4965 58542
4966 58522
4967 58466
4968 58458
4969 58402
4970 58388
4971 58445
4972 58397
4973 58508
4974 58497
4975 58486
4976 58429
4977 58495
4978 58550
4979 58497
4980 58429
4981 58451
4982 58530
4983 58520
4984 58485
4985 58509
4986 58585
4987 58551
4988 58544
4989 58585
4990 58532
4991 58523
4992 58468
4993 58479
4994 58459
4995 58413
4996 58402
4997 58371
4998 58413
4999 58391
5000 58404
5001 58395
5002 58395
5003 58342
5004 58387
5005 58421
5006 58384
5007 58351
5008 58396
5009 58428
5010 58417
5011 58387
5012 58379
5013 58375
5014 58390
5015 58379
5016 58380
5017 58302
5018 58274
5019 58384
5020 58389
5021 58454
5022 58395
5023 58989
5024 58891
5025 58872
5026 58874
5027 58844
5028 58835
5029 58844
5030 58861
5031 58786
5032 58761
5033 58706
5034 58712
5035 58662
5036 58704
5037 58709
5038 58677
5039 58601
5040 58590
5041 58608
5042 58621
5043 58580
5044 58509
5045 58533
5046 58511
5047 58486
5048 58467
5049 58411
5050 58399
5051 58445
5052 58408
5053 58519
5054 58497
5055 58508
5056 58451
5057 58506
5058 58550
5059 58486
5060 58418
5061 58440
5062 58545
5063 58513
5064 58500
5065 58536
5066 58580
5067 58549
5068 58520
5069 58572
5070 58521
5071 58523
5072 58468
5073 58468
5074 58459
5075 58403
5076 58403
5077 58411
5078 58444
5079 58411
5080 58424
5081 58417
5082 58417
5083 58373
5084 58395
5085 58428
5086 58406
5087 58395
5088 58417
5089 58428
5090 58417
5091 58371
5092 58372
5093 58372
5094 58397
5095 58385
5096 58397
5097 58320
5098 58323
5099 58418
5100 58400
5101 58464
5102 58388
5103 58398
5104 58932
5105 58892
5106 58898
5107 58870
5108 58847
5109 58867
5110 58891
5111 58832
5112 58777
5113 58735
5114 58702
5115 58682
5116 58723
5117 58740
5118 58677
5119 58621
5120 58610
5121 58599
5122 58650
5123 58591
5124 58538
5125 58573
5126 58541
5127 58493
5128 58450
5129 58387
5130 58373
5131 58408
5132 58393
5133 58497
5134 58505
5135 58547
5136 58481
5137 58518
5138 58529
5139 58477
5140 58453
5141 58463
5142 58520
5143 58464
5144 58503
5145 58529
5146 58539
5147 58496
5148 58488
5149 58543
5150 58508
5151 58510
5152 58455
5153 58457
5154 58470
5155 58424
5156 58402
5157 58433
5158 58455
5159 58422
5160 58424
5161 58417
5162 58406
5163 58373
5164 58384
5165 58406
5166 58406
5167 58373
5168 58373
5169 58395
5170 58384
5171 58373
5172 58373
5173 58385
5174 58417
5175 58396
5176 58395
5177 58329
5178 58329
5179 58397
5180 58412
5181 58456
5182 58366
5183 58374
5184 58410
5185 58964
5186 58934
5187 58914
5188 58871
5189 58884
5190 58859
5191 58839
5192 58811
5193 58786
5194 58730
5195 58750
5196 58721
5197 58751
5198 58736
5199 58661
5200 58631
5201 58621
5202 58643
5203 58624
5204 58578
5205 58603
5206 58549
5207 58492
5208 58449
5209 58377
5210 58363
5211 58408
5212 58392
5213 58498
5214 58525
5215 58535
5216 58491
5217 58528
5218 58528
5219 58466
5220 58442
5221 58486
5222 58508
5223 58475
5224 58492
5225 58518
5226 58538
5227 58515
5228 58499
5229 58567
5230 58519
5231 58521
5232 58477
5233 58479
5234 58470
5235 58424
5236 58413
5237 58422
5238 58455
5239 58433
5240 58424
5241 58450
5242 58417
5243 58395
5244 58373
5245 58417
5246 58395
5247 58384
5248 58373
5249 58395
5250 58362
5251 58351
5252 58340
5253 58363
5254 58395
5255 58384
5256 58436
5257 58384
5258 58373
5259 58426
5260 58431
5261 58451
5262 58363
5263 58385
5264 58418
5265 58408
5266 58962
5267 58912
5268 58875
5269 58875
5270 58861
5271 58862
5272 58836
5273 58805
5274 58738
5275 58767
5276 58752
5277 58743
5278 58707
5279 58678
5280 58630
5281 58630
5282 58632
5283 58621
5284 58578
5285 58591
5286 58517
5287 58471
5288 58438
5289 58375
5290 58382
5291 58428
5292 58403
5293 58518
5294 58534
5295 58546
5296 58510
5297 58548
5298 58537
5299 58465
5300 58433
5301 58489
5302 58501
5303 58481
5304 58504
5305 58529
5306 58560
5307 58517
5308 58508
5309 58575
5310 58540
5311 58542
5312 58488
5313 58488
5314 58481
5315 58414
5316 58403
5317 58413
5318 58446
5319 58424
5320 58415
5321 58450
5322 58417
5323 58417
5324 58417
5325 58450
5326 58428
5327 58428
5328 58417
5329 58417
5330 58395
5331 58384
5332 58351
5333 58373
5334 58395
5335 58383
5336 58458
5337 58416
5338 58394
5339 58426
5340 58418
5341 58450
5342 58373
5343 58395
5344 58418
5345 58417
5346 58407
5347 58945
5348 58892
5349 58888
5350 58875
5351 58886
5352 58867
5353 58817
5354 58750
5355 58775
5356 58782
5357 58766
5358 58711
5359 58664
5360 58620
5361 58640
5362 58612
5363 58603
5364 58558
5365 58589
5366 58537
5367 58491
5368 58477
5369 58416
5370 58437
5371 58470
5372 58436
5373 58495
5374 58544
5375 58579
5376 58520
5377 58569
5378 58547
5379 58495
5380 58485
5381 58531
5382 58544
5383 58534
5384 58525
5385 58550
5386 58583
5387 58518
5388 58485
5389 58552
5390 58508
5391 58510
5392 58490
5393 58501
5394 58494
5395 58435
5396 58435
5397 58479
5398 58521
5399 58510
5400 58512
5401 58492
5402 58503
5403 58481
5404 58481
5405 58491
5406 58460
5407 58448
5408 58447
5409 58449
5410 58417
5411 58406
5412 58393
5413 58393
5414 58406
5415 58383
5416 58416
5417 58372
5418 58372
5419 58415
5420 58450
5421 58472
5422 58406
5423 58417
5424 58418
5425 58439
5426 58440
5427 58395
5428 58923
5429 58890
5430 58881
5431 58868
5432 58847
5433 58815
5434 58784
5435 58789
5436 58795
5437 58791
5438 58734
5439 58653
5440 58657
5441 58688
5442 58652
5443 58621
5444 58575
5445 58617
5446 58578
5447 58530
5448 58506
5449 58446
5450 58458
5451 58478
5452 58445
5453 58491
5454 58577
5455 58579
5456 58487
5457 58557
5458 58564
5459 58524
5460 58482
5461 58516
5462 58543
5463 58533
5464 58523
5465 58544
5466 58548
5467 58494
5468 58463
5469 58517
5470 58482
5471 58484
5472 58477
5473 58489
5474 58491
5475 58422
5476 58444
5477 58487
5478 58497
5479 58464
5480 58477
5481 58468
5482 58512
5483 58490
5484 58512
5485 58491
5486 58471
5487 58437
5488 58435
5489 58438
5490 58405
5491 58394
5492 58371
5493 58382
5494 58406
5495 58394
5496 58416
5497 58361
5498 58361
5499 58393
5500 58450
5501 58461
5502 58406
5503 58406
5504 58417
5505 58461
5506 58429
5507 58406
5508 58374
5509 58938
5510 58918
5511 58903
5512 58866
5513 58846
5514 58787
5515 58779
5516 58793
5517 58789
5518 58734
5519 58651
5520 58677
5521 58715
5522 58690
5523 58668
5524 58633
5525 58657
5526 58578
5527 58510
5528 58510
5529 58479
5530 58498
5531 58498
5532 58465
5533 58515
5534 58590
5535 58589
5536 58511
5537 58613
5538 58609
5539 58578
5540 58556
5541 58601
5542 58605
5543 58584
5544 58556
5545 58577
5546 58570
5547 58528
5548 58476
5549 58529
5550 58514
5551 58494
5552 58519
5553 58499
5554 58501
5555 58442
5556 58486
5557 58497
5558 58495
5559 58440
5560 58485
5561 58456
5562 58478
5563 58487
5564 58499
5565 58490
5566 58490
5567 58447
5568 58434
5569 58447
5570 58404
5571 58382
5572 58360
5573 58371
5574 58395
5575 58383
5576 58427
5577 58383
5578 58372
5579 58404
5580 58461
5581 58450
5582 58395
5583 58417
5584 58439
5585 58472
5586 58439
5587 58417
5588 58384
5589 58352
5590 58945
5591 58921
5592 58900
5593 58897
5594 58828
5595 58799
5596 58818
5597 58809
5598 58763
5599 58691
5600 58673
5601 58701
5602 58726
5603 58717
5604 58666
5605 58680
5606 58633
5607 58560
5608 58562
5609 58537
5610 58527
5611 58540
5612 58518
5613 58537
5614 58601
5615 58588
5616 58520
5617 58603
5618 58581
5619 58539
5620 58557
5621 58614
5622 58605
5623 58583
5624 58555
5625 58599
5626 58590
5627 58548
5628 58488
5629 58552
5630 58528
5631 58508
5632 58519
5633 58530
5634 58545
5635 58477
5636 58499
5637 58508
5638 58519
5639 58475
5640 58485
5641 58467
5642 58467
5643 58498
5644 58477
5645 58457
5646 58490
5647 58447
5648 58412
5649 58447
5650 58404
5651 58371
5652 58338
5653 58349
5654 58406
5655 58394
5656 58449
5657 58405
5658 58406
5659 58427
5660 58485
5661 58494
5662 58450
5663 58450
5664 58483
5665 58505
5666 58450
5667 58406
5668 58395
5669 58363
5670 58404
5671 58976
5672 58910
5673 58906
5674 58871
5675 58834
5676 58845
5677 58848
5678 58806
5679 58735
5680 58704
5681 58711
5682 58737
5683 58727
5684 58676
5685 58682
5686 58653
5687 58589
5688 58600
5689 58555
5690 58525
5691 58545
5692 58547
5693 58577
5694 58623
5695 58612
5696 58533
5697 58627
5698 58605
5699 58550
5700 58555
5701 58581
5702 58594
5703 58594
5704 58559
5705 58592
5706 58605
5707 58579
5708 58530
5709 58585
5710 58550
5711 58510
5712 58543
5713 58572
5714 58576
5715 58479
5716 58534
5717 58510
5718 58488
5719 58466
5720 58433
5721 58457
5722 58435
5723 58466
5724 58499
5725 58447
5726 58480
5727 58458
5728 58402
5729 58437
5730 58415
5731 58404
5732 58362
5733 58351
5734 58406
5735 58404
5736 58468
5737 58426
5738 58437
5739 58470
5740 58495
5741 58505
5742 58472
5743 58472
5744 58494
5745 58516
5746 58461
5747 58417
5748 58417
5749 58395
5750 58437
5751 58393
5752 58937
5753 58897
5754 58868
5755 58857
5756 58859
5757 58857
5758 58826
5759 58766
5760 58777
5761 58792
5762 58758
5763 58730
5764 58717
5765 58722
5766 58668
5767 58589
5768 58552
5769 58540
5770 58517
5771 58571
5772 58573
5773 58594
5774 58642
5775 58638
5776 58541
5777 58653
5778 58627
5779 58581
5780 58573
5781 58577
5782 58581
5783 58583
5784 58550
5785 58563
5786 58596
5787 58572
5788 58543
5789 58565
5790 58554
5791 58578
5792 58600
5793 58598
5794 58591
5795 58503
5796 58523
5797 58521
5798 58488
5799 58446
5800 58435
5801 58426
5802 58437
5803 58435
5804 58512
5805 58448
5806 58459
5807 58459
5808 58415
5809 58448
5810 58439
5811 58395
5812 58382
5813 58349
5814 58384
5815 58415
5816 58468
5817 58437
5818 58437
5819 58437
5820 58472
5821 58494
5822 58494
5823 58483
5824 58483
5825 58516
5826 58472
5827 58395
5828 58406
5829 58395
5830 58428
5831 58371
5832 58360
5833 58955
5834 58884
5835 58884
5836 58920
5837 58892
5838 58864
5839 58809
5840 58822
5841 58827
5842 58805
5843 58772
5844 58750
5845 58752
5846 58696
5847 58645
5848 58569
5849 58546
5850 58536
5851 58602
5852 58595
5853 58616
5854 58647
5855 58674
5856 58568
5857 58651
5858 58616
5859 58581
5860 58584
5861 58590
5862 58583
5863 58585
5864 58562
5865 58575
5866 58619
5867 58586
5868 58523
5869 58587
5870 58565
5871 58609
5872 58611
5873 58598
5874 58600
5875 58521
5876 58521
5877 58510
5878 58468
5879 58455
5880 58455
5881 58426
5882 58448
5883 58424
5884 58501
5885 58426
5886 58437
5887 58448
5888 58393
5889 58470
5890 58449
5891 58406
5892 58404
5893 58371
5894 58406
5895 58437
5896 58490
5897 58448
5898 58448
5899 58426
5900 58450
5901 58505
5902 58494
5903 58483
5904 58483
5905 58538
5906 58494
5907 58428
5908 58428
5909 58417
5910 58450
5911 58406
5912 58384
5913 58351
5914 58905
5915 58861
5916 58900
5917 58875
5918 58851
5919 58836
5920 58869
5921 58860
5922 58859
5923 58837
5924 58719
5925 58746
5926 58717
5927 58669
5928 58623
5929 58586
5930 58577
5931 58612
5932 58624
5933 58599
5934 58633
5935 58671
5936 58575
5937 58667
5938 58621
5939 58568
5940 58564
5941 58603
5942 58638
5943 58638
5944 58573
5945 58564
5946 58599
5947 58553
5948 58499
5949 58563
5950 58543
5951 58554
5952 58567
5953 58574
5954 58576
5955 58488
5956 58501
5957 58523
5958 58490
5959 58477
5960 58510
5961 58468
5962 58468
5963 58435
5964 58512
5965 58447
5966 58480
5967 58480
5968 58426
5969 58492
5970 58470
5971 58395
5972 58404
5973 58360
5974 58406
5975 58426
5976 58490
5977 58448
5978 58459
5979 58459
5980 58461
5981 58494
5982 58472
5983 58483
5984 58450
5985 58527
5986 58516
5987 58461
5988 58439
5989 58439
5990 58461
5991 58395
5992 58362
5993 58329
5994 58338
5995 58921
5996 58892
5997 58880
5998 58861
5999 58843
6000 58882
6001 58885
6002 58875
6003 58853
6004 58718
6005 58742
6006 58717
6007 58659
6008 58608
6009 58573
6010 58554
6011 58589
6012 58580
6013 58584
6014 58599
6015 58621
6016 58566
6017 58656
6018 58632
6019 58601
6020 58557
6021 58581
6022 58638
6023 58594
6024 58540
6025 58551
6026 58597
6027 58573
6028 58530
6029 58563
6030 58554
6031 58564
6032 58555
6033 58519
6034 58523
6035 58446
6036 58458
6037 58491
6038 58500
6039 58467
6040 58502
6041 58456
6042 58478
6043 58423
6044 58499
6045 58445
6046 58456
6047 58478
6048 58435
6049 58468
6050 58501
6051 58415
6052 58446
6053 58369
6054 58384
6055 58393
6056 58457
6057 58426
6058 58448
6059 58437
6060 58439
6061 58483
6062 58439
6063 58450
6064 58428
6065 58494
6066 58505
6067 58483
6068 58472
6069 58461
6070 58472
6071 58406
6072 58373
6073 58340
6074 58327
6075 58325
6076 58932
6077 58913
6078 58907
6079 58856
6080 58910
6081 58935
6082 58910
6083 58882
6084 58782
6085 58773
6086 58748
6087 58708
6088 58637
6089 58602
6090 58573
6091 58597
6092 58580
6093 58635
6094 58654
6095 58656
6096 58578
6097 58690
6098 58678
6099 58666
6100 58633
6101 58614
6102 58649
6103 58616
6104 58529
6105 58562
6106 58597
6107 58573
6108 58530
6109 58585
6110 58565
6111 58575
6112 58566
6113 58519
6114 58534
6115 58477
6116 58473
6117 58464
6118 58517
6119 58504
6120 58510
6121 58466
6122 58488
6123 58433
6124 58499
6125 58477
6126 58510
6127 58499
6128 58468
6129 58523
6130 58525
6131 58426
6132 58448
6133 58382
6134 58373
6135 58393
6136 58435
6137 58404
6138 58426
6139 58415
6140 58417
6141 58472
6142 58450
6143 58439
6144 58439
6145 58505
6146 58516
6147 58527
6148 58494
6149 58505
6150 58505
6151 58439
6152 58428
6153 58395
6154 58382
6155 58380
6156 58435
6157 58982
6158 58954
6159 58909
6160 58901
6161 58931
6162 58919
6163 58890
6164 58805
6165 58790
6166 58756
6167 58742
6168 58675
6169 58652
6170 58598
6171 58624
6172 58617
6173 58641
6174 58652
6175 58661
6176 58572
6177 58668
6178 58657
6179 58622
6180 58620
6181 58622
6182 58657
6183 58646
6184 58548
6185 58559
6186 58605
6187 58592
6188 58543
6189 58583
6190 58563
6191 58564
6192 58555
6193 58530
6194 58545
6195 58498
6196 58507
6197 58477
6198 58519
6199 58495
6200 58490
6201 58468
6202 58490
6203 58435
6204 58499
6205 58477
6206 58510
6207 58497
6208 58497
6209 58536
6210 58556
6211 58477
6212 58459
6213 58393
6214 58393
6215 58424
6216 58446
6217 58382
6218 58404
6219 58393
6220 58428
6221 58472
6222 58428
6223 58417
6224 58439
6225 58494
6226 58527
6227 58516
6228 58472
6229 58516
6230 58472
6231 58428
6232 58417
6233 58395
6234 58382
6235 58369
6236 58413
6237 58446
6238 58973
6239 58919
6240 58908
6241 58921
6242 58932
6243 58908
6244 58828
6245 58831
6246 58775
6247 58771
6248 58699
6249 58674
6250 58633
6251 58655
6252 58623
6253 58655
6254 58644
6255 58644
6256 58574
6257 58660
6258 58638
6259 58588
6260 58588
6261 58597
6262 58619
6263 58599
6264 58525
6265 58525
6266 58602
6267 58622
6268 58574
6269 58614
6270 58596
6271 58595
6272 58586
6273 58560
6274 58575
6275 58520
6276 58517
6277 58532
6278 58541
6279 58517
6280 58501
6281 58457
6282 58490
6283 58402
6284 58466
6285 58444
6286 58488
6287 58495
6288 58473
6289 58489
6290 58531
6291 58466
6292 58470
6293 58403
6294 58403
6295 58435
6296 58437
6297 58404
6298 58404
6299 58393
6300 58439
6301 58483
6302 58450
6303 58450
6304 58472
6305 58516
6306 58549
6307 58527
6308 58461
6309 58505
6310 58472
6311 58428
6312 58406
6313 58384
6314 58360
6315 58338
6316 58382
6317 58415
6318 58435
6319 58953
6320 58941
6321 58900
6322 58909
6323 58899
6324 58815
6325 58837
6326 58757
6327 58745
6328 58673
6329 58650
6330 58609
6331 58651
6332 58645
6333 58660
6334 58659
6335 58655
6336 58618
6337 58696
6338 58632
6339 58600
6340 58624
6341 58595
6342 58606
6343 58615
6344 58543
6345 58554
6346 58600
6347 58589
6348 58539
6349 58572
6350 58563
6351 58562
6352 58553
6353 58537
6354 58530
6355 58485
6356 58492
6357 58498
6358 58529
6359 58525
6360 58509
6361 58445
6362 58468
6363 58380
6364 58464
6365 58442
6366 58486
6367 58475
6368 58453
6369 58475
6370 58497
6371 58435
6372 58437
6373 58380
6374 58393
6375 58437
6376 58436
6377 58415
6378 58393
6379 58404
6380 58439
6381 58461
6382 58428
6383 58428
6384 58450
6385 58505
6386 58527
6387 58483
6388 58417
6389 58461
6390 58428
6391 58384
6392 58362
6393 58373
6394 58360
6395 58349
6396 58382
6397 58404
6398 58413
6399 58347
