0 33536.5
1 27364.4
2 27668.8
3 28137.8
4 28232.3
5 27765.9
6 28079
7 28771.8
8 28832
9 29188.4
10 30031
11 29381.4
12 29541.7
13 26939.1
14 29886.1
15 29531.8
16 30734.9
17 29720.4
18 30449.8
19 30926.5
20 32037.7
21 32647.5
22 32094.8
23 30981.5
24 31786.1
25 31083.7
26 30095.6
27 29441.2
28 29336.3
29 28449.1
30 29234
31 29752.2
32 28609.1
33 28159.8
34 28006.3
35 28596.6
36 28373.3
37 30312
38 29560.1
39 28772.1
40 28721.6
41 30027.3
42 27836
43 28636.8
44 27532.1
45 28142
46 27578.7
47 28111.1
48 28195.5
49 26940.2
50 26953.9
51 27195.6
52 27132.4
53 28523.9
54 28661.8
55 27868.5
56 28654.6
57 28879.9
58 28375.1
59 28928.1
60 28872.4
61 29570.4
62 30146.9
63 29241.1
64 29393.6
65 28823.6
66 28883.4
67 30126.1
68 29878.5
69 29526.3
70 31016.4
71 30092.3
72 32068.3
73 31576.4
74 31311.4
75 32161.3
76 32242.3
77 33401
78 34598.8
79 34139.6
80 33939.3
81 32307.1
82 26760.2
83 27315.8
84 26898.3
85 26559.3
86 26968.6
87 27663.7
88 27750
89 28131.3
90 28963.2
91 28369.2
92 28422.9
93 25985.1
94 28654.5
95 28396
96 29711.8
97 28982.7
98 29680.6
99 30034.5
100 31054.8
101 31776.1
102 31238.1
103 30042.4
104 30946.4
105 30253.5
106 29680.7
107 28869.4
108 28656.2
109 27824.6
110 28308.5
111 28851.3
112 27545.6
113 26978.6
114 26543
115 27291.1
116 27098.2
117 28675.8
118 28036.1
119 27258.1
120 27262.9
121 28391.9
122 26383.6
123 27468.1
124 26422.4
125 27159.4
126 26589.7
127 27257.1
128 27087.6
129 26083.8
130 26021.7
131 26537.1
132 26566
133 27907.4
134 27829.5
135 26975.8
136 28055.4
137 28392.3
138 27941.5
139 28452.8
140 28190.2
141 28541.7
142 29187.4
143 28554.5
144 28530.7
145 28085.1
146 28096.2
147 29257.7
148 28859.9
149 28763.3
150 29971.9
151 29322.6
152 30832.1
153 30690
154 30426.3
155 31214.5
156 31254.4
157 32733.7
158 33502.5
159 33783.3
160 33957.2
161 33125.8
162 32579.8
163 27095.1
164 27112.4
165 26963.5
166 27457
167 27989
168 28398.5
169 28497.2
170 29274
171 28763.4
172 28652.6
173 26286.7
174 28886.2
175 28684.2
176 29947.3
177 29369.4
178 30117.1
179 30532.7
180 31643
181 32296.1
182 31498.8
183 30300.5
184 30875.7
185 30386.3
186 29433.9
187 28761.6
188 28873
189 28386.7
190 28940
191 29694.8
192 28266.2
193 27617.9
194 27386
195 28079.4
196 28007
197 29188.8
198 28558.3
199 28028.3
200 28456.1
201 29539.2
202 27422.4
203 28600.2
204 27325.7
205 27719.7
206 27151.9
207 27553.7
208 27366
209 26201.6
210 26229.1
211 26528.4
212 26339.7
213 27872.2
214 27309.5
215 26406
216 27400.9
217 27813.6
218 26631
219 27088.3
220 27279.6
221 28012.8
222 28512.2
223 27994.5
224 27698
225 27715.4
226 27638.9
227 29035.9
228 28453.8
229 28699.4
230 29278.7
231 28829.9
232 30447.9
233 30277.8
234 30043.2
235 30844.5
236 31028.3
237 32306.1
238 33374.3
239 33132
240 34362.2
241 33998.4
242 34059.2
243 33066.8
244 27524.4
245 27346.1
246 27741.4
247 28423.9
248 28761.7
249 28847.7
250 29873.3
251 29328
252 29592.1
253 27075
254 29439.3
255 29364.8
256 30455.1
257 29718.9
258 30921.4
259 31331.9
260 32523.5
261 33039.4
262 32368.2
263 31466.7
264 31925.3
265 31779.4
266 30951.8
267 30450.6
268 30364.7
269 29784.5
270 30070
271 30914.4
272 29488
273 28660.2
274 28624.7
275 29235.4
276 28887.4
277 30181.5
278 29499.7
279 28656.5
280 29138.7
281 30137
282 28068.8
283 29355.2
284 27911.9
285 28048.6
286 27192.3
287 27595.7
288 27601.3
289 26221.2
290 26754.1
291 26754.5
292 26577.5
293 27865.3
294 27693.3
295 27040.2
296 28058.7
297 28688.1
298 27722.1
299 28441.7
300 28302.6
301 29078.9
302 29425.7
303 28784.3
304 28801.2
305 28496.2
306 28486.6
307 29601.3
308 29483.4
309 29501.9
310 29972
311 29350.3
312 31517.5
313 31203.9
314 30719.9
315 31274.7
316 31612.4
317 33177.7
318 33831.5
319 33867.2
320 34951.2
321 33979.4
322 34540.2
323 34741.8
324 33718.2
325 27788.3
326 28279.7
327 28834
328 29281
329 29389.1
330 30572.2
331 30320.6
332 30440.9
333 27794
334 30258.9
335 30069.9
336 30934
337 30153.5
338 31516.7
339 31942.9
340 32976.6
341 33421.8
342 32458.5
343 31591.1
344 32056
345 31651.6
346 30564.3
347 30444
348 30496.7
349 30152.7
350 30683.5
351 31408.4
352 29863.7
353 29093.2
354 28837.9
355 30127.8
356 29195.2
357 30670.2
358 29815.9
359 28785.4
360 29357
361 30803.2
362 28540
363 29658
364 28130.6
365 28655.2
366 27917
367 28095.9
368 28133.3
369 26628.4
370 27057.4
371 27533.7
372 27213
373 28536.5
374 28126.5
375 27533.9
376 28277.4
377 29110.8
378 28132.6
379 28565.2
380 28836.3
381 29472
382 29730.4
383 29448.2
384 29193.9
385 28691.3
386 28825.5
387 29857.8
388 29931.6
389 29717.8
390 30117
391 29490.6
392 31533.6
393 30969.6
394 31171.1
395 32053.1
396 32270.2
397 33432
398 34574.9
399 34283.4
400 33546.3
401 33070.5
402 33004.8
403 33768.5
404 33543.1
405 31385.7
406 26417.3
407 26934.4
408 27317.7
409 27459.9
410 28863.6
411 28504
412 28766
413 26448
414 28515.8
415 28449.8
416 29281.1
417 28585.8
418 29778.1
419 30083.5
420 31387.9
421 31864.1
422 31118.5
423 30358.4
424 30740.1
425 30542.1
426 29651.8
427 29334.4
428 29387.2
429 29091.7
430 29273.3
431 30086.4
432 28738.5
433 27730.7
434 27288.9
435 28529.1
436 28091.6
437 28983.7
438 28602.7
439 27543.7
440 27867.6
441 29024.1
442 26740
443 27776.6
444 26668
445 27592.5
446 26615.8
447 27224.1
448 27452.6
449 26211.2
450 26654.3
451 27196.3
452 26763.1
453 27714.8
454 27259.2
455 26616.7
456 27067.1
457 27997.8
458 27047.6
459 28134.8
460 27984.2
461 28964.6
462 29221.4
463 28712.1
464 28538.5
465 28202.6
466 28381.8
467 29395.9
468 29343.3
469 29217.4
470 29721.2
471 29200.4
472 31089.6
473 30570.8
474 30644.6
475 31439.8
476 31604.3
477 32789.9
478 33670.4
479 33382.4
480 33515.9
481 32929.5
482 33435.4
483 33683.2
484 33909.5
485 33379.6
486 32557.6
487 27224.1
488 27752.8
489 27809.1
490 28995.7
491 28534.9
492 28754.7
493 26405.3
494 28573.5
495 28442
496 29436.4
497 28642.1
498 29544.5
499 29767.5
500 31232
501 31915.6
502 30744.6
503 29770.5
504 30138.5
505 29864
506 29090.1
507 28796
508 28691.5
509 28400.9
510 28580.8
511 29187.3
512 28048.2
513 27303.2
514 26603.1
515 27856.9
516 27464.7
517 28499
518 27822.1
519 26900.4
520 27399.6
521 28537.2
522 26393.7
523 27270.1
524 26512.9
525 27510.3
526 26198.3
527 26966.5
528 27070.6
529 25997.7
530 26237.6
531 26797.2
532 26531.9
533 27306.9
534 27225
535 26722.2
536 27095.4
537 27903.9
538 26893.5
539 27805.3
540 27830.4
541 28353
542 28833.4
543 28264.5
544 28050.5
545 27978
546 28293.1
547 29340.9
548 28965.8
549 29195.5
550 29617.6
551 28840.3
552 30599.9
553 30152.7
554 30177.2
555 31184.2
556 31266.1
557 32362.8
558 33639.5
559 33449.3
560 33852.1
561 33424.5
562 33544.5
563 34038.2
564 33700.9
565 33808.9
566 32951.4
567 31867.3
568 27645.1
569 28013.3
570 29731.9
571 29327.3
572 29900.1
573 27278.4
574 29295.8
575 29436
576 30188.3
577 29516.5
578 30527
579 30479.5
580 31754.1
581 32269
582 31273.9
583 30433.5
584 30297
585 30063.5
586 29245.1
587 29220.3
588 29011.8
589 28918.4
590 28894.6
591 29500.2
592 28318.7
593 27583.5
594 26658.8
595 28022.8
596 27694.9
597 29042.4
598 28708.3
599 27609.3
600 28118.9
601 28994.5
602 27166.8
603 27717.2
604 26610
605 27783.6
606 26586.2
607 27628.4
608 27594.8
609 26506.8
610 27036.6
611 27431.3
612 27190.9
613 27861.3
614 27568.7
615 27037.9
616 27601.6
617 28177.4
618 27758.9
619 27921.5
620 28330.9
621 28985.9
622 29666.9
623 28707.3
624 28587.1
625 28584
626 28754.3
627 29972.4
628 29571.2
629 30004.7
630 30482.7
631 29508.1
632 31505
633 30733.8
634 30334.7
635 31283.1
636 31330.1
637 32143.8
638 33416.6
639 33630.7
640 32925
641 32022.9
642 32782.5
643 33016.2
644 33271.3
645 32952.2
646 33196.3
647 33738.6
648 33035.5
649 27081.4
650 28416.6
651 28268.9
652 28411.2
653 26228.9
654 28305.3
655 28353
656 28879.5
657 28758.3
658 29740.5
659 29881
660 31011.7
661 31167.2
662 30556.2
663 29581.4
664 29812.2
665 29924.7
666 28769
667 28911.9
668 28874.2
669 28551.7
670 28735.6
671 29563.8
672 28152.1
673 27431.1
674 27521.1
675 28630.4
676 27941.1
677 29291.1
678 28983.5
679 27699.1
680 27965.1
681 29189.4
682 26680.4
683 28000
684 27094.2
685 28167.8
686 27152.9
687 27528.4
688 27771.7
689 26783.8
690 27225.4
691 27874.9
692 27393.6
693 27799.4
694 27248.8
695 26914.5
696 27463.6
697 28138.9
698 27678.8
699 27392.1
700 28010.1
701 28439.9
702 28692.3
703 28142.2
704 27956.7
705 27830.6
706 27916.8
707 28865.7
708 28143.1
709 28686.3
710 29012.3
711 28311.4
712 30410.3
713 30019.5
714 29514.7
715 30734.2
716 31000
717 31674.4
718 32787.5
719 32572.1
720 33316.3
721 32647.1
722 33049.1
723 33783.7
724 33548.4
725 33295.3
726 33066.1
727 34158.1
728 33575.2
729 31648.6
730 29208.7
731 29052.3
732 29389.5
733 27438.9
734 29061.2
735 29308.4
736 30382.9
737 30031.4
738 31030.3
739 31039.7
740 32103.3
741 32433.8
742 31579.5
743 30794.8
744 31211.6
745 31186.5
746 30055.1
747 30004.6
748 29648.9
749 29448.6
750 29525
751 30393.2
752 29282.1
753 28649
754 28031.9
755 29262.3
756 28845.3
757 29537.4
758 29101.6
759 27797.9
760 28079.7
761 29551.7
762 27062.7
763 28115.9
764 27155.4
765 28054.1
766 27102.4
767 28155.5
768 28289
769 27116.4
770 27346.2
771 28126
772 27343.1
773 27962.5
774 27495.3
775 26978.2
776 27385.6
777 28093.5
778 27089.4
779 27464.7
780 27904
781 28537.4
782 29110.6
783 28458.5
784 28339
785 28529.1
786 28738
787 29833.1
788 29473.2
789 29608.3
790 29799.4
791 29065.1
792 30414.6
793 30383.2
794 30154.6
795 31129.4
796 31236.2
797 32078.2
798 33178.4
799 32916.8
800 33279
801 32552.9
802 32821.6
803 33427.3
804 33711.9
805 33255.5
806 33403.2
807 34431.1
808 34735
809 34297.8
810 34219.1
811 27994
812 28126.1
813 26041.1
814 28146.9
815 28087.7
816 28902.2
817 28615.6
818 29705.5
819 30455.2
820 31812.7
821 31788.3
822 31244.4
823 30628.4
824 31053.4
825 30845.9
826 29616.4
827 29952.7
828 29784.4
829 29176.6
830 29693
831 30440.4
832 29240.9
833 28600.2
834 28317.7
835 29159.3
836 28369.6
837 29603.8
838 29291.6
839 28202.5
840 28266.7
841 29631.9
842 27169
843 28809.6
844 27577
845 28331.9
846 27427.1
847 28175.6
848 28250.7
849 26897.5
850 27376.3
851 28248.6
852 27147.4
853 27774.8
854 27615.6
855 26977.8
856 27531.7
857 28628.9
858 27509.7
859 27952.7
860 28285.2
861 29104.5
862 29608.4
863 29320.4
864 29350.5
865 29086.9
866 29413.1
867 30068.8
868 29792.4
869 29715.8
870 29996.7
871 29157.2
872 30779.9
873 30573.8
874 30183.3
875 31607.1
876 31416.5
877 32611.4
878 33382.2
879 33114
880 32616.8
881 31993.9
882 32238.8
883 32863.4
884 32986
885 32578.6
886 32112
887 33431.9
888 33220
889 33838.3
890 34313.2
891 32286.4
892 27601
893 25625.7
894 27602.7
895 27552.2
896 28268.9
897 28077
898 29089.2
899 29475.9
900 30659.9
901 30712.1
902 30365.2
903 29646
904 29897
905 29736.3
906 28425.8
907 29031.8
908 28975.3
909 28268.8
910 28867.5
911 29509.2
912 28331.2
913 27793.9
914 27886.3
915 28400.5
916 27827.9
917 28914
918 28643.3
919 27544
920 27776.9
921 29272.9
922 26635.5
923 28231.9
924 27130.3
925 27842.7
926 27178.8
927 27697.8
928 27850.4
929 26463.3
930 27175.5
931 27771.9
932 26752.5
933 27529.5
934 27103
935 26492.3
936 27066.1
937 27873.4
938 26549.5
939 27068.5
940 27368.9
941 28193
942 28845.7
943 28614.9
944 28879.6
945 28541.3
946 29009.6
947 29555.3
948 29376.7
949 29521.2
950 29602.5
951 28590.9
952 30325.3
953 29856.4
954 29400.4
955 30741
956 30636.5
957 31887.5
958 32634.6
959 32363.8
960 33449.5
961 32812.7
962 32787.6
963 33632.2
964 33541.7
965 32811.4
966 32570.6
967 33792.4
968 33411.5
969 33333
970 34987.7
971 33801.1
972 33450.2
973 25701.2
974 27440.5
975 27381.8
976 27966.8
977 27553.7
978 28659.5
979 28868.6
980 29939
981 30266.9
982 29848.5
983 29372.1
984 30170.6
985 29869.9
986 28616.7
987 28771.8
988 28710.2
989 28100.9
990 28703.9
991 29665.4
992 28639.3
993 28298.3
994 28230
995 28680.5
996 28059.3
997 29384.6
998 28978.4
999 28030.1
1000 28482.3
1001 29984.7
1002 27244.5
1003 28509.2
1004 27317.1
1005 28326
1006 27775.5
1007 28089.5
1008 28275.1
1009 27210.9
1010 27937.2
1011 28490.7
1012 27881.8
1013 28297.6
1014 28134.6
1015 27570.5
1016 28199
1017 29096.7
1018 27927.3
1019 28197.4
1020 28462.3
1021 29293.9
1022 30019.5
1023 29615.8
1024 29909.3
1025 29372.7
1026 30240.9
1027 30772.6
1028 30931.5
1029 30666.2
1030 31147.8
1031 29750.1
1032 31534
1033 31443.8
1034 30615.5
1035 31838
1036 31518.8
1037 32813.2
1038 33636.9
1039 33252.6
1040 30652.2
1041 30304
1042 30385.3
1043 31163.1
1044 30881
1045 30766.8
1046 30290.2
1047 31660.4
1048 31358.1
1049 31517.6
1050 32421.3
1051 32039.8
1052 32215.6
1053 29297.1
1054 25680.8
1055 25828
1056 26756
1057 26027.4
1058 26888.6
1059 27436.7
1060 28543.2
1061 28499.5
1062 27910.3
1063 27537.3
1064 28394.6
1065 28402.3
1066 27160.5
1067 27467.6
1068 27362.5
1069 26859.5
1070 27640.9
1071 28595.9
1072 27534.9
1073 27325.7
1074 26919.2
1075 27495.8
1076 26434
1077 27839.3
1078 27081.6
1079 26296.3
1080 26796.6
1081 27484.3
1082 24865
1083 26398.3
1084 25392.2
1085 26044.8
1086 25946.9
1087 26299.4
1088 26262.5
1089 25230.5
1090 25280.3
1091 26042.1
1092 25729.7
1093 26335.3
1094 26158
1095 25037.1
1096 25789.6
1097 26524.2
1098 24721.6
1099 25165.4
1100 25686.4
1101 26280.7
1102 26722
1103 26560
1104 27019.9
1105 26827.3
1106 27393.4
1107 28385.2
1108 28485.8
1109 28276.3
1110 28782.3
1111 27616.4
1112 28641.7
1113 28644
1114 28417.4
1115 29943.6
1116 28827.3
1117 30290
1118 30701.7
1119 30435.2
1120 31626.2
1121 31198.4
1122 31223.7
1123 32001.9
1124 31712.2
1125 31365.2
1126 31027.9
1127 31923.3
1128 31872.9
1129 31509
1130 32904.8
1131 32033.2
1132 33280.7
1133 30534.6
1134 31714.8
1135 25484.9
1136 26621.7
1137 26032.4
1138 26996.1
1139 27420.3
1140 28583.4
1141 28653.8
1142 27955
1143 27899.4
1144 28534
1145 28670.6
1146 27807.5
1147 28253.8
1148 28200.1
1149 27776.3
1150 28679.9
1151 29616.1
1152 28400.8
1153 27861.3
1154 27626.8
1155 28127.4
1156 27065.8
1157 28277.2
1158 27190.1
1159 26156.5
1160 26348.2
1161 27556.2
1162 25234.7
1163 26193.5
1164 25347.9
1165 26155
1166 25870
1167 26867
1168 26756.4
1169 26023.6
1170 26029.3
1171 26535.8
1172 26209.3
1173 27031.5
1174 26715.6
1175 25586.9
1176 26163
1177 26858.1
1178 24751.4
1179 25088.8
1180 25611.5
1181 26481.9
1182 26944.6
1183 27095.7
1184 27182.4
1185 26822.4
1186 27367.5
1187 28252.9
1188 28162
1189 28241.6
1190 28646.1
1191 27757
1192 28730.8
1193 28900.6
1194 28618.2
1195 30428.6
1196 29417.4
1197 31074.2
1198 31758.8
1199 31452.8
1200 31013.2
1201 30724.9
1202 30491.6
1203 31174.1
1204 31334.8
1205 30867.5
1206 30780.1
1207 31813.7
1208 31531
1209 31532.4
1210 32519.3
1211 31835.9
1212 32185.7
1213 30235.4
1214 31848.8
1215 30763.1
1216 25660.1
1217 25199.5
1218 25942.7
1219 26223
1220 27448.7
1221 27734.5
1222 27212.2
1223 27160.3
1224 27877.3
1225 27824.4
1226 27091.3
1227 27469.5
1228 27095.5
1229 26784.7
1230 27381.3
1231 28609.9
1232 27637.2
1233 27054
1234 27073
1235 27719.8
1236 26638.7
1237 27856
1238 27261.3
1239 26573.8
1240 26701.2
1241 27941.6
1242 25514
1243 26629.7
1244 25770.3
1245 26613.6
1246 26248.4
1247 27314
1248 26983
1249 26047.6
1250 25865.7
1251 26439.8
1252 26141.5
1253 27132.7
1254 26980.7
1255 26045.1
1256 26556.6
1257 27258.8
1258 25297.5
1259 25501.8
1260 25963.8
1261 26843.9
1262 27453.7
1263 27340.9
1264 27219.1
1265 26975.5
1266 27512.4
1267 28233.5
1268 28423.7
1269 28420.2
1270 29132.4
1271 28114
1272 29096.4
1273 28951.7
1274 28571.9
1275 30166.3
1276 29176.4
1277 30702.2
1278 31220.8
1279 31136.8
1280 31770.5
1281 31461.4
1282 30979.2
1283 31656.2
1284 31554.9
1285 31199.2
1286 31264.3
1287 32292.6
1288 31869.1
1289 32042.4
1290 32969.2
1291 32519.2
1292 32898.4
1293 30484.4
1294 32986
1295 32783.8
1296 32718.2
1297 25977.9
1298 26713.2
1299 27085.9
1300 28179.1
1301 28397.5
1302 27786.6
1303 27686.3
1304 28351.8
1305 28234.8
1306 27265.6
1307 27855.5
1308 27599.1
1309 27490.7
1310 28140.4
1311 29163.6
1312 28030.1
1313 27451.9
1314 27393.4
1315 28093.3
1316 27085.1
1317 28368.5
1318 27669.3
1319 26962.9
1320 26935.3
1321 27886.6
1322 25601.3
1323 27181.6
1324 26213.9
1325 27484.6
1326 27303.6
1327 27977.7
1328 27618.7
1329 26650.6
1330 26207.1
1331 26711.1
1332 26678.3
1333 27214.3
1334 27322.5
1335 26140.6
1336 26936.6
1337 27823.9
1338 25805.5
1339 25993.7
1340 26640.5
1341 27470
1342 28267.3
1343 27953.3
1344 28144.1
1345 27583.2
1346 28089.5
1347 28915.2
1348 29153.4
1349 29172
1350 29931.1
1351 29301
1352 30558.9
1353 30272.7
1354 30062.6
1355 31258.5
1356 30193.7
1357 31865.4
1358 32391.1
1359 31743.7
1360 30219.6
1361 29745.3
1362 29584.8
1363 30102.8
1364 29814.1
1365 29381.5
1366 29477.9
1367 30628.3
1368 30140.7
1369 30424.7
1370 31141.3
1371 30960.3
1372 31402.7
1373 29292.7
1374 31319.7
1375 31617.9
1376 32277.2
1377 30105.7
1378 25468.2
1379 25894.3
1380 27168.7
1381 27392.4
1382 27209
1383 26725.2
1384 26975.3
1385 27073.7
1386 26370.6
1387 26879.1
1388 26382.2
1389 26290.3
1390 26839.5
1391 27636.1
1392 26735.4
1393 26077.2
1394 26267.5
1395 26798
1396 26007.8
1397 27208.5
1398 26754.1
1399 25699.8
1400 25668.1
1401 26867.4
1402 24604.7
1403 25967
1404 25073.6
1405 25736.9
1406 25316.9
1407 26090.2
1408 26156.3
1409 25425.6
1410 25172.5
1411 25270.7
1412 25358.5
1413 25928.3
1414 26102.3
1415 25131.6
1416 25911.9
1417 26515
1418 24854.7
1419 25003.4
1420 25442.1
1421 26311
1422 27179.4
1423 26993
1424 27104.2
1425 26538.8
1426 26937.1
1427 27725.3
1428 27904.1
1429 27682.1
1430 28125.6
1431 27440.5
1432 28006.7
1433 28286.6
1434 27723.1
1435 28749.3
1436 28109.2
1437 29549.4
1438 30386
1439 30015.2
1440 31805.8
1441 31197.9
1442 31101.2
1443 31776
1444 31466.7
1445 30792.8
1446 30681.3
1447 31940.7
1448 32007.9
1449 32609.6
1450 33511.7
1451 32841.3
1452 33174.4
1453 30520.4
1454 33274.3
1455 32949.4
1456 34387.3
1457 33518
1458 33382.2
1459 28082.1
1460 29295.4
1461 29469.5
1462 28969.1
1463 28595.8
1464 28953
1465 29001.4
1466 28177.5
1467 29015.8
1468 28821
1469 28547.2
1470 28727.2
1471 29307.4
1472 28218
1473 27023.9
1474 27351.8
1475 28176.7
1476 27447.7
1477 28637.7
1478 28300.5
1479 27355.2
1480 27222.6
1481 28383.4
1482 25989.6
1483 26869.2
1484 25718.6
1485 26550.1
1486 26309.2
1487 26577.3
1488 26351.4
1489 25742.7
1490 25329.5
1491 25292.4
1492 25293.6
1493 25948.2
1494 25806.5
1495 24741.3
1496 25694.6
1497 25949.6
1498 24609.3
1499 24816
1500 25301.1
1501 26262.6
1502 26747
1503 26659.3
1504 27010
1505 26690
1506 27116.5
1507 28034.7
1508 28119.6
1509 27839.8
1510 28612.4
1511 27979.3
1512 28751.1
1513 29171.8
1514 28593
1515 29948.9
1516 29322
1517 30683.3
1518 31789.6
1519 31821.7
1520 31667.6
1521 31230.4
1522 31129.4
1523 31762.8
1524 31766.7
1525 31198.7
1526 31284.9
1527 32182.3
1528 32343.4
1529 32757.1
1530 33528.3
1531 32896.2
1532 33008.7
1533 30450.9
1534 33106.7
1535 33032.3
1536 33665.2
1537 33421.3
1538 34201.6
1539 32847.2
1540 28924.7
1541 29168.5
1542 28750
1543 28471.7
1544 29014.2
1545 28915.2
1546 27785
1547 28772.1
1548 28526.1
1549 28154.6
1550 28698.5
1551 29355.2
1552 28189.5
1553 27090.5
1554 27921.9
1555 28863
1556 28090.6
1557 29518.2
1558 29380.7
1559 28280.4
1560 28307.3
1561 29483.1
1562 26886.2
1563 28026.8
1564 26821.8
1565 27811.7
1566 27274.5
1567 27474
1568 27176.9
1569 26665.5
1570 26211.7
1571 26742.3
1572 26540.2
1573 27162.6
1574 26884.8
1575 25930.6
1576 26864
1577 27146.2
1578 25710.4
1579 25490.1
1580 26276.2
1581 26986.6
1582 28102.7
1583 27573.3
1584 28001.9
1585 27573.5
1586 28048.5
1587 28671.8
1588 28740.3
1589 28292.2
1590 29498.7
1591 28791.7
1592 29682.6
1593 29756.2
1594 29419.8
1595 30659.5
1596 29377.8
1597 30892.3
1598 31911.5
1599 31975.6
1600 32727.1
1601 31922.3
1602 31882.7
1603 32468.6
1604 32473.2
1605 31930.5
1606 31959.7
1607 32902.5
1608 33033.7
1609 33215.8
1610 34459.2
1611 33632.9
1612 34139.2
1613 30959.9
1614 34003
1615 33691.1
1616 34658.4
1617 33986.1
1618 35360.1
1619 35768.4
1620 35099.9
1621 29762.4
1622 29396
1623 29012.7
1624 29576.8
1625 29409.9
1626 28326.5
1627 29094.5
1628 29071.8
1629 28742.8
1630 29440.4
1631 30124.9
1632 28828
1633 28020.4
1634 28805.1
1635 29800.2
1636 29330
1637 30785.8
1638 30594.3
1639 29623.2
1640 29591.7
1641 30784.3
1642 28063
1643 29413.2
1644 27985.3
1645 29023.3
1646 28330.3
1647 28307.7
1648 28155.9
1649 27392.2
1650 26741.6
1651 27591
1652 27182.9
1653 27881.7
1654 27602.2
1655 26763.8
1656 27551
1657 27885.9
1658 26419.1
1659 26108.3
1660 27102
1661 27848
1662 28967.7
1663 28649.3
1664 28620.9
1665 28112.2
1666 28811.8
1667 29087
1668 29466.6
1669 28907.9
1670 29898
1671 29219.8
1672 30480.8
1673 30390.6
1674 30182.9
1675 31649.3
1676 30304.2
1677 31976.8
1678 32863.6
1679 32564.3
1680 32841.6
1681 31818.3
1682 31603.8
1683 32027.5
1684 32170.3
1685 31590.2
1686 31401.8
1687 32465.5
1688 32553.2
1689 32821.9
1690 33671.9
1691 32908.2
1692 33572.1
1693 30714.2
1694 33424.8
1695 33402.4
1696 34247.2
1697 33509.7
1698 34650.8
1699 35360.7
1700 35949.4
1701 33652.1
1702 28977
1703 28635.8
1704 29151.7
1705 28999.6
1706 27797.3
1707 28271.4
1708 28211.5
1709 28044.1
1710 28696.2
1711 29090.4
1712 28096.3
1713 27656.5
1714 28295.2
1715 29292.4
1716 28889.7
1717 30119.1
1718 29468
1719 28685.4
1720 28341
1721 29648.7
1722 26915.1
1723 28273.3
1724 27227.2
1725 28378.3
1726 27394.4
1727 27393.8
1728 27391.5
1729 26957.2
1730 26500.4
1731 27365.3
1732 27028.7
1733 27934
1734 27445.3
1735 26595.3
1736 27540.8
1737 27604.1
1738 26268.3
1739 25858.1
1740 26797.6
1741 27931.3
1742 28849.8
1743 28604
1744 28755.8
1745 27771.2
1746 28395.8
1747 28908.8
1748 29259.1
1749 28590.2
1750 29312.5
1751 28764.4
1752 30008.9
1753 30136.1
1754 29482.7
1755 30814
1756 29730.1
1757 31653.7
1758 32385
1759 32347.6
1760 32173.6
1761 31171.8
1762 31014.4
1763 31786.5
1764 31903.5
1765 31117.6
1766 30916.6
1767 31736.2
1768 32192.6
1769 32269.6
1770 32931.1
1771 32716.2
1772 32857.4
1773 29876.6
1774 32260.7
1775 32228.5
1776 33403.4
1777 32618.9
1778 33735.7
1779 34178.1
1780 35607
1781 35385.6
1782 33842.6
1783 27983.1
1784 28597.8
1785 28552.4
1786 27388.8
1787 27993
1788 27881.8
1789 27607.5
1790 28404
1791 28931.9
1792 27950
1793 27393.1
1794 27658.4
1795 28529.6
1796 27966.6
1797 28968
1798 28236.1
1799 27532.6
1800 27305.4
1801 28375.2
1802 25998
1803 27019.6
1804 26166.3
1805 27198.8
1806 26584.8
1807 26636.1
1808 26701
1809 26235.2
1810 25454.4
1811 25782.6
1812 25503.5
1813 26247.3
1814 26062.3
1815 25106.9
1816 26172.1
1817 26090.6
1818 24703.4
1819 24252.7
1820 25000.5
1821 26060.9
1822 26935.2
1823 26487.2
1824 26936.7
1825 26445.7
1826 27258.7
1827 27802.3
1828 28041.3
1829 27594.1
1830 28319.4
1831 27569.5
1832 28601.2
1833 28919.9
1834 28144.3
1835 29313.2
1836 28657.4
1837 30685.6
1838 31600.9
1839 31475.7
1840 31775.6
1841 31255.8
1842 31239.1
1843 32236
1844 32124.9
1845 31525.4
1846 31080.7
1847 31569.6
1848 31913.1
1849 31789
1850 32676.7
1851 32179.4
1852 32498.2
1853 29512.9
1854 32122.9
1855 32036.7
1856 32861.7
1857 32074.2
1858 32817
1859 33372.2
1860 34228.8
1861 34619.5
1862 34212.2
1863 31666.6
1864 27580.8
1865 27627.2
1866 26756.9
1867 27274.4
1868 27248.1
1869 27129.6
1870 28074.7
1871 28740.3
1872 27903.3
1873 27448.9
1874 27922.7
1875 28866.2
1876 28371.1
1877 29326.9
1878 28432
1879 27570.3
1880 27538.7
1881 28729.3
1882 26352.2
1883 27390.4
1884 26550.9
1885 27186.8
1886 26748.6
1887 27282.5
1888 27276.7
1889 26537.4
1890 25877.7
1891 26309.7
1892 25688.7
1893 26349.3
1894 26428.7
1895 25204.6
1896 26282.3
1897 26332.8
1898 25199.5
1899 24779.3
1900 25435.8
1901 26220.7
1902 26807
1903 26458.2
1904 26911.2
1905 26280
1906 26890
1907 27419.4
1908 27539.7
1909 27273.2
1910 27960
1911 27056.1
1912 28112.9
1913 28236.1
1914 27687.9
1915 29196.8
1916 28910.1
1917 30593.9
1918 31664.5
1919 31490.4
1920 31820.9
1921 31171.6
1922 30788.4
1923 31507.1
1924 31492.4
1925 31142.5
1926 30936.7
1927 31597.2
1928 31813.7
1929 31992.8
1930 32981.9
1931 32618.1
1932 33147.7
1933 29989.2
1934 32955.1
1935 32734.9
1936 33856.6
1937 32983.5
1938 33997.1
1939 34404.2
1940 35685.9
1941 35457.6
1942 35520.1
1943 34055.7
1944 33429.4
1945 28411.6
1946 27671.3
1947 28241.8
1948 28315.9
1949 28123.2
1950 28977.3
1951 29662.9
1952 28897.7
1953 28361.1
1954 28892.2
1955 30010.1
1956 29361.9
1957 30322.4
1958 29545.5
1959 28495.8
1960 28219.3
1961 29372
1962 27063.8
1963 28459.9
1964 27232
1965 27967.9
1966 27296.1
1967 27352
1968 27223.1
1969 26553.2
1970 25822.7
1971 26002.5
1972 25878.9
1973 26544.8
1974 26695.5
1975 25650.7
1976 26695.5
1977 26522
1978 25182.6
1979 24748.9
1980 25377.2
1981 26123.7
1982 26658.7
1983 26365.9
1984 26220.8
1985 25701.1
1986 26056.5
1987 26927.7
1988 26984.6
1989 26752.1
1990 27396.9
1991 26728.8
1992 27724.5
1993 27756.3
1994 27349.3
1995 28825
1996 29115.5
1997 30946.2
1998 31913.7
1999 31967.8
2000 31512.1
2001 31000.5
2002 30839.5
2003 31485.6
2004 31183.4
2005 31029.7
2006 30761.4
2007 31264.2
2008 31638.6
2009 31733
2010 32539.7
2011 31947.1
2012 32729.1
2013 29876.3
2014 32385.7
2015 32018.1
2016 32881.2
2017 32124.5
2018 33159.6
2019 33793.6
2020 34891
2021 35112.4
2022 34578.1
2023 33967.8
2024 34071.5
2025 33097
2026 27166.7
2027 27655.3
2028 27620.7
2029 27545.9
2030 28463.6
2031 29036.8
2032 28145.9
2033 27505.6
2034 27994.6
2035 29196.4
2036 28791.2
2037 29666.3
2038 28710.7
2039 27568.5
2040 27512.9
2041 29012.6
2042 26572.7
2043 27763.9
2044 26807.6
2045 27386.2
2046 26764.3
2047 27113.6
2048 27090.5
2049 26290.1
2050 25783.2
2051 25875.9
2052 25694.5
2053 26611.1
2054 26402.8
2055 25425.8
2056 26282.1
2057 26380.5
2058 25143.4
2059 24428.2
2060 25135.5
2061 25968.9
2062 26392.9
2063 25841.8
2064 25656.1
2065 25357.7
2066 25740.5
2067 26661.7
2068 26821.8
2069 26494.2
2070 27012.6
2071 26490.6
2072 27730.1
2073 27659
2074 27322.8
2075 28674.5
2076 28675.6
2077 30472
2078 31399.7
2079 31490.9
2080 30291.5
2081 29730.4
2082 29365.4
2083 30350.1
2084 29789.3
2085 29723
2086 29181.9
2087 29678.1
2088 29873.2
2089 30225.2
2090 30662.5
2091 30028.8
2092 30871.8
2093 27946.4
2094 30843.4
2095 30615.6
2096 31540.8
2097 30783.9
2098 31678.2
2099 31976.9
2100 33310.6
2101 33003.4
2102 32986.5
2103 31667.6
2104 32701.6
2105 32451
2106 30698.5
2107 25695.4
2108 25778.2
2109 25920.2
2110 26819.1
2111 27524
2112 26905.5
2113 26411.6
2114 26867.9
2115 28109.4
2116 27536.3
2117 28600.6
2118 27687.9
2119 26811
2120 26740.9
2121 27988.7
2122 25530.8
2123 26825.3
2124 25977.3
2125 26700.8
2126 26163.5
2127 26428.5
2128 26458.2
2129 25697
2130 25211
2131 25390.6
2132 25416.7
2133 26183
2134 25816.2
2135 24772.4
2136 25822.8
2137 26016.3
2138 24729.6
2139 24190.8
2140 24736.3
2141 25086.6
2142 25921.8
2143 25306.9
2144 25491.3
2145 25059.2
2146 25270.6
2147 26142.9
2148 26396.6
2149 26245.4
2150 26889.1
2151 26140.2
2152 27240
2153 27158.4
2154 26859.9
2155 27935
2156 27758.8
2157 29657.5
2158 30198.9
2159 30336.6
2160 30564.1
2161 29909.4
2162 29773.3
2163 30589.3
2164 30044.8
2165 29784.1
2166 29354
2167 30410.1
2168 30015.8
2169 30366.9
2170 30754.8
2171 30129.5
2172 30830.2
2173 28054.2
2174 31050.1
2175 30428.7
2176 31391.7
2177 30875.4
2178 32175.9
2179 32795.6
2180 33820.4
2181 33876.8
2182 33610.6
2183 32528.5
2184 33145.2
2185 33467.5
2186 32425.2
2187 32456.3
2188 26492.3
2189 26481.7
2190 27728.8
2191 28351.2
2192 27612.1
2193 26961.5
2194 27270.2
2195 28509.5
2196 27782
2197 28784.6
2198 28069.5
2199 26856.6
2200 27168.6
2201 28228.4
2202 25711.4
2203 26985.4
2204 26186.2
2205 26598.5
2206 26274.1
2207 26467.9
2208 26429.7
2209 25690.4
2210 25239.7
2211 25273.8
2212 25292.2
2213 26041.1
2214 25633.7
2215 24918.8
2216 25794.1
2217 26165
2218 24576.5
2219 24340
2220 25005.7
2221 25612.8
2222 26671.9
2223 26032.8
2224 26227.5
2225 25563.9
2226 25786.4
2227 26903.1
2228 26921.6
2229 26648.4
2230 27329.2
2231 26632.2
2232 27609.6
2233 27603.4
2234 27363.8
2235 28453
2236 28363.1
2237 30020.9
2238 30489.2
2239 30650.6
2240 30704.5
2241 30275.1
2242 30156.5
2243 30940.8
2244 30167.4
2245 29920.5
2246 29496.3
2247 30648
2248 30283.9
2249 30350.9
2250 31037.7
2251 30521.8
2252 31204.7
2253 28633.2
2254 31375.5
2255 30807.9
2256 31602.6
2257 30914.2
2258 32110.1
2259 32495
2260 33677.5
2261 33643.9
2262 33169.2
2263 31866.7
2264 32691.2
2265 32448.8
2266 32140
2267 32604.7
2268 30974.5
2269 25250.3
2270 26396.5
2271 27161
2272 26351.8
2273 25912.6
2274 25840.4
2275 27103.2
2276 26389.1
2277 27648.7
2278 26847.8
2279 25613.4
2280 25971.7
2281 27101.3
2282 24780.1
2283 25738.1
2284 25267.2
2285 25651.4
2286 24974.1
2287 25443.4
2288 25453.1
2289 24568.9
2290 24559.5
2291 24808.4
2292 24633.1
2293 25347.9
2294 25172.2
2295 24505.6
2296 25323.9
2297 25711.2
2298 24457.5
2299 23840.2
2300 24317.9
2301 24954.2
2302 26059.9
2303 25632
2304 25677.1
2305 25347.7
2306 25488.1
2307 26691.1
2308 26699.1
2309 26452.4
2310 27204.1
2311 26416.4
2312 27285.6
2313 27439.2
2314 27191.8
2315 28219.6
2316 28259.2
2317 29915.2
2318 30515.3
2319 30626.8
2320 28888
2321 28506.3
2322 28536.3
2323 29144.9
2324 28771.8
2325 28994.1
2326 28506.8
2327 29379.2
2328 28890.6
2329 28856.6
2330 29959
2331 29384.1
2332 29823.9
2333 27287.8
2334 30001.6
2335 29394.5
2336 30212.4
2337 29660.7
2338 30984.4
2339 31750.9
2340 32274.6
2341 32544.3
2342 31818.5
2343 31186.9
2344 31844.3
2345 31964
2346 31191.2
2347 32030.4
2348 30831.9
2349 29893.4
2350 24991.3
2351 25686.9
2352 24822.9
2353 24466.9
2354 24455.6
2355 25854.7
2356 25325
2357 26707.3
2358 26114.6
2359 24996.3
2360 25575.2
2361 26684.3
2362 24531.3
2363 25366.1
2364 25035.3
2365 25517.7
2366 24748.6
2367 25134.2
2368 25300.8
2369 24237.8
2370 24441.4
2371 24832.3
2372 24563
2373 25105.2
2374 24871.8
2375 24383.2
2376 25240.7
2377 25574.1
2378 24415.5
2379 23545.4
2380 24298.6
2381 25147.7
2382 26068.3
2383 25467.5
2384 25666
2385 25078.3
2386 25332
2387 26224.5
2388 26303.4
2389 25909.2
2390 26608.3
2391 25663.7
2392 26976.5
2393 26663.6
2394 26310.9
2395 27463.8
2396 27145.7
2397 28669.4
2398 29140.8
2399 29238.1
2400 29696.6
2401 29029.8
2402 29007.3
2403 30035.7
2404 30061.6
2405 30147.8
2406 29638.4
2407 30273
2408 29975
2409 29982
2410 30796.3
2411 30314.3
2412 30673.1
2413 28322.1
2414 31003.9
2415 30097.2
2416 30825.6
2417 30042.7
2418 31603.1
2419 32249.3
2420 33292.3
2421 33327.9
2422 32753.3
2423 31621.1
2424 32683.3
2425 32344.6
2426 31962.4
2427 32483.2
2428 31740.9
2429 31122.2
2430 31411
2431 26582.3
2432 25685.3
2433 25460.2
2434 25303.9
2435 26597.5
2436 26029.2
2437 27387
2438 26702.8
2439 25486.3
2440 25871.4
2441 27156.4
2442 24897.3
2443 25546.1
2444 25239.5
2445 25849.3
2446 25222.6
2447 25694.9
2448 25668.7
2449 24553.8
2450 24625.7
2451 25096.7
2452 24671.7
2453 25064.5
2454 25188.5
2455 24505.6
2456 25286.5
2457 25729
2458 24729.7
2459 24236.6
2460 25114.2
2461 25479
2462 26480.2
2463 25855.3
2464 26090.5
2465 25486.5
2466 25757.5
2467 26706.3
2468 26720.7
2469 26331.2
2470 27026.6
2471 26165.4
2472 27071.3
2473 26869.9
2474 26821.3
2475 28191.1
2476 28006.2
2477 29399.1
2478 29950.3
2479 29809
2480 30088.2
2481 29209.8
2482 29038.5
2483 30038.6
2484 30092.2
2485 30352.3
2486 29366.9
2487 30211.3
2488 29992.7
2489 30167.1
2490 30742.6
2491 30513.9
2492 30808.7
2493 28278.2
2494 31086.6
2495 30529.3
2496 31087.2
2497 30650.9
2498 31780.7
2499 32518.7
2500 33353.7
2501 33417.9
2502 33043.1
2503 32094.9
2504 32674.7
2505 32646.2
2506 31873.1
2507 32711.6
2508 31665.4
2509 31772.4
2510 32775
2511 32997.1
2512 26003.6
2513 25787.8
2514 25617.3
2515 26911.4
2516 26316
2517 27615.2
2518 26914.2
2519 25372.7
2520 25802.9
2521 27172.1
2522 25125
2523 25812.9
2524 25339.8
2525 25697.9
2526 25157.7
2527 25843.5
2528 25796.9
2529 24818.8
2530 24700.2
2531 25068.9
2532 24734.6
2533 25166.5
2534 25329.4
2535 24736.2
2536 25508.1
2537 26449.9
2538 25308.7
2539 24648.8
2540 25232.9
2541 25871.2
2542 26845.2
2543 26146.9
2544 26121.1
2545 25576.1
2546 25856.1
2547 26958.7
2548 27096.3
2549 26747.8
2550 27401
2551 26680.8
2552 27440.9
2553 26885.9
2554 27075.4
2555 28310.8
2556 28034.5
2557 29534.1
2558 30046.1
2559 30158.7
2560 29867
2561 28911.6
2562 28885.4
2563 29859.9
2564 29854.1
2565 30057.5
2566 29376.2
2567 30257.3
2568 29731.5
2569 29737.3
2570 30102.7
2571 29959.2
2572 29965.6
2573 27542.4
2574 29985
2575 29849.1
2576 30367
2577 29776.2
2578 30845.9
2579 31313.5
2580 32563.9
2581 33026.4
2582 32596.5
2583 31835.4
2584 32390.1
2585 32358.7
2586 31435
2587 31853.1
2588 30750.6
2589 30578.5
2590 31974.6
2591 32829
2592 31130.2
2593 24724.4
2594 24248.1
2595 25457.2
2596 24900.2
2597 26447.9
2598 25933.6
2599 25013.1
2600 25241.5
2601 26362
2602 24404.2
2603 24995.3
2604 24905.9
2605 25532.6
2606 24878.7
2607 25713.8
2608 25802.1
2609 24758.5
2610 24733.1
2611 25239.4
2612 24636.5
2613 25252.2
2614 25484.2
2615 25081.5
2616 25873.1
2617 26439.6
2618 25404.3
2619 24506.7
2620 25063.1
2621 25684.8
2622 26747.7
2623 25937.7
2624 26010.7
2625 25228.8
2626 25881
2627 26789
2628 26904.3
2629 26287.8
2630 27174.1
2631 26360.3
2632 27268.6
2633 26765.3
2634 27216.6
2635 28291.5
2636 27853.3
2637 29447.9
2638 29921.9
2639 29936.1
2640 29817.5
2641 28805.1
2642 28765.3
2643 29830.8
2644 29512.9
2645 29593.3
2646 29212.8
2647 29404.3
2648 29004.6
2649 29372
2650 29756.9
2651 29641.5
2652 29902.6
2653 27046.7
2654 29492
2655 29452.4
2656 29885.9
2657 29607.4
2658 30751.1
2659 31236.2
2660 32450.6
2661 33050.9
2662 32279.1
2663 31268.6
2664 31863.4
2665 31734.3
2666 30752.5
2667 31386.3
2668 30290.9
2669 30425.5
2670 31194.1
2671 32590
2672 31561.2
2673 31392.5
2674 24323.8
2675 25482.2
2676 25204
2677 26591.9
2678 26250.9
2679 25041.9
2680 25362.2
2681 26329.2
2682 24249.4
2683 24895.8
2684 24752.4
2685 25097.8
2686 24542.1
2687 25462.2
2688 25392.3
2689 24296.5
2690 24233.2
2691 24753.1
2692 24255.5
2693 25007.5
2694 25023.2
2695 24489.5
2696 25330.2
2697 25608.1
2698 24768.1
2699 24279.8
2700 24832.4
2701 25556.1
2702 26437.5
2703 25751.3
2704 25902.2
2705 25018.3
2706 25716.7
2707 26615.2
2708 26696.8
2709 26312.1
2710 27204.6
2711 26138.5
2712 27373.8
2713 26835.4
2714 26925
2715 28391.2
2716 27975.3
2717 29358.1
2718 29868.2
2719 30132.7
2720 29657.6
2721 28442.7
2722 28561.2
2723 29939.5
2724 29618.5
2725 29808.4
2726 29197.1
2727 29258.1
2728 28900.2
2729 29334.9
2730 29835.5
2731 29771.6
2732 30091.2
2733 26823.6
2734 29369.5
2735 29385.9
2736 29987.8
2737 29359.3
2738 30400.1
2739 31212.5
2740 32227.7
2741 32829.8
2742 32133.9
2743 31121.3
2744 31446.6
2745 31296.6
2746 30379.3
2747 31064
2748 29941.4
2749 30023.1
2750 30842.9
2751 31849.3
2752 31351.5
2753 30848.3
2754 29482.8
2755 24987.4
2756 24800.5
2757 26233
2758 25788.5
2759 24716.4
2760 24976.7
2761 25745
2762 23832
2763 24443.5
2764 24485
2765 25073.3
2766 24360
2767 25242.8
2768 25243.7
2769 24088.1
2770 24271
2771 24736.7
2772 24418.2
2773 25043.9
2774 25020
2775 24949.6
2776 25587.2
2777 26297.9
2778 25549
2779 24931.6
2780 25415.7
2781 26074.5
2782 26908.2
2783 26491.6
2784 26153.4
2785 25515.5
2786 25880.9
2787 26693.3
2788 26704
2789 26447.4
2790 27270.6
2791 26204.7
2792 27354.2
2793 26860.7
2794 26924
2795 28176
2796 27655
2797 29041.7
2798 29596.9
2799 29959.1
2800 30831.6
2801 29674
2802 29621.3
2803 30808.8
2804 30820.7
2805 31100.9
2806 30310.6
2807 30572.8
2808 30268.9
2809 30642.8
2810 30776.6
2811 30482.5
2812 30855.5
2813 28137.2
2814 30454.7
2815 30559.9
2816 30836.7
2817 30384.7
2818 31573.1
2819 32420
2820 33441.6
2821 33903.3
2822 33213
2823 32508.5
2824 32906.4
2825 32886
2826 31677.9
2827 32395.4
2828 31152.9
2829 31120.4
2830 31934.9
2831 32966.8
2832 31872.5
2833 32060.5
2834 31260.2
2835 32261.3
2836 25635
2837 27176.9
2838 26682.6
2839 25556.1
2840 25943.8
2841 27031.4
2842 24742.3
2843 25620.3
2844 25506
2845 26133.5
2846 25467.2
2847 26419.3
2848 26719.3
2849 25262.6
2850 25496.8
2851 26471.6
2852 26149.2
2853 26960.4
2854 26695.2
2855 26172.4
2856 26816.2
2857 27713.3
2858 26908
2859 26117.9
2860 26851.7
2861 27737.1
2862 28342.5
2863 27708.5
2864 27411.5
2865 26845.4
2866 27369.6
2867 28178.4
2868 28213.5
2869 27899.8
2870 28846.3
2871 27903.2
2872 28922.4
2873 28254.5
2874 28275.5
2875 29476.1
2876 28700.5
2877 30085.8
2878 30494.5
2879 30739.1
2880 30701
2881 29548.2
2882 29557.7
2883 30439.4
2884 30493.7
2885 30473.2
2886 29880.5
2887 30361.1
2888 29729.6
2889 30054.6
2890 30065.7
2891 29591.1
2892 29709.5
2893 26757.2
2894 29295.1
2895 29517.6
2896 30316.9
2897 29608.2
2898 30726.1
2899 31517.1
2900 32781.9
2901 33303.5
2902 32409.8
2903 31518.2
2904 31797.1
2905 31608.5
2906 30773.4
2907 31193.4
2908 30148.5
2909 29905.5
2910 30947.5
2911 31764.9
2912 30698.9
2913 30352.9
2914 30316.6
2915 31248.1
2916 29568.3
2917 25682.1
2918 25359.3
2919 24373
2920 24720.6
2921 25505.5
2922 23562.5
2923 24504.7
2924 24214.7
2925 24971.2
2926 24513.7
2927 25400.8
2928 25655.3
2929 24437.6
2930 24470.9
2931 25020.8
2932 24910.7
2933 25547.6
2934 25109.5
2935 24950.6
2936 25547.2
2937 26435
2938 26144.4
2939 25427.4
2940 26120.6
2941 27185.2
2942 27735.5
2943 27253.6
2944 27014.7
2945 26220.4
2946 26864.5
2947 27310.7
2948 27187.6
2949 26605
2950 27528.4
2951 26604.4
2952 27780.4
2953 27591.9
2954 27425.8
2955 28653.9
2956 28315.1
2957 29640.8
2958 30457.3
2959 30536.8
2960 30731.5
2961 29728.3
2962 30227.2
2963 30913.5
2964 31018.5
2965 30911.1
2966 30362.7
2967 30741.5
2968 30616.3
2969 30685.2
2970 30437.5
2971 30050.1
2972 30888.7
2973 28043.6
2974 30297.9
2975 30501.5
2976 30993.9
2977 30664.8
2978 32004.4
2979 32557
2980 33595.2
2981 33989.3
2982 33088.2
2983 31987
2984 32288.4
2985 32176
2986 31293.8
2987 31757
2988 30913.9
2989 30495.6
2990 31344.6
2991 31993.2
2992 31132.5
2993 30763.4
2994 30595.6
2995 32374.4
2996 31182.2
2997 32461
2998 25930.2
2999 24757.2
3000 25143.8
3001 26213.8
3002 24143.2
3003 25180
3004 24637.5
3005 25156.6
3006 24688.9
3007 25706.5
3008 25969.3
3009 24628.5
3010 24967.4
3011 25880.5
3012 25805
3013 26647.7
3014 26013.4
3015 25238.4
3016 25856
3017 26728.5
3018 26275.5
3019 25689.4
3020 26349.9
3021 27200.2
3022 27571.4
3023 26616.8
3024 26337.1
3025 25756
3026 26456.6
3027 26640.1
3028 26366.8
3029 26338.1
3030 26866.3
3031 25833
3032 27456.9
3033 27246.8
3034 26577.7
3035 27840.3
3036 27764.3
3037 29433.5
3038 29718.4
3039 30377.3
3040 29715.1
3041 28936.1
3042 29201.3
3043 30046.4
3044 30290.6
3045 30531
3046 29922.9
3047 30525.4
3048 30144.7
3049 30403.6
3050 30179.7
3051 29570.3
3052 30107.8
3053 27270.5
3054 29479
3055 29448
3056 30288.3
3057 29638.2
3058 31056.3
3059 31947.6
3060 33162.3
3061 33511.2
3062 32689.1
3063 31664.9
3064 32187.1
3065 31762.4
3066 31007.6
3067 31308.8
3068 30819.4
3069 30619.6
3070 31221.4
3071 31876.7
3072 30815.5
3073 30287.3
3074 30104.3
3075 31282.9
3076 31043.2
3077 32177.3
3078 31110.8
3079 24224.1
3080 24748.5
3081 25513.2
3082 23587.7
3083 24514.4
3084 23907.3
3085 24925.8
3086 24206.5
3087 25168.6
3088 25226.6
3089 23980.5
3090 23983.3
3091 25024.5
3092 24793.1
3093 25459.3
3094 25088.3
3095 24634.2
3096 25346
3097 26033.8
3098 26003.3
3099 24733.3
3100 25691.4
3101 26507.6
3102 27225.4
3103 26360.3
3104 26127.9
3105 25439.1
3106 26024
3107 26225.4
3108 25913.9
3109 26059.3
3110 26547.9
3111 25924.1
3112 27200.4
3113 27128.1
3114 26603.2
3115 27616.9
3116 27312.7
3117 28723.2
3118 29477.4
3119 29688.9
3120 29167.2
3121 28114.4
3122 28247.2
3123 29002.5
3124 29167.8
3125 29472.2
3126 29267.3
3127 29447.4
3128 28785.7
3129 28940.8
3130 29582.7
3131 29089.9
3132 29497.9
3133 26827.1
3134 29139.5
3135 29131.6
3136 29767.5
3137 29160.1
3138 30434.6
3139 31052.8
3140 32606.7
3141 32887.5
3142 31907.6
3143 31201.5
3144 31604.1
3145 31161.6
3146 30340.8
3147 30685.3
3148 30160.6
3149 29899.7
3150 30532.5
3151 31355.6
3152 30396.5
3153 29689.5
3154 29479.8
3155 30824.3
3156 30186.2
3157 32150.8
3158 31145.8
3159 30239.9
3160 24261.9
3161 25361.1
3162 23474.4
3163 24434.8
3164 23639.2
3165 24689.6
3166 24206
3167 24960.1
3168 25101.9
3169 23842.9
3170 24061.1
3171 24849
3172 24798
3173 25528.8
3174 24887.3
3175 24259.9
3176 25136
3177 26061.6
3178 25699.8
3179 24508.8
3180 25501.9
3181 26530.1
3182 27176.6
3183 26417
3184 26172.1
3185 25222
3186 25858.4
3187 25936.9
3188 25754.1
3189 26130
3190 26573.4
3191 26030.7
3192 27472.7
3193 27251.6
3194 27032.3
3195 28169
3196 27095.7
3197 28325.9
3198 28998.5
3199 29300
3200 29080.9
3201 28341.4
3202 28100.5
3203 28928.6
3204 28716
3205 28994.6
3206 28808.2
3207 29077.2
3208 28182.5
3209 28235.7
3210 28905.1
3211 28678.5
3212 29076.3
3213 26513.2
3214 28631.7
3215 28475.6
3216 29105.7
3217 28711.5
3218 30050.5
3219 30474.3
3220 32051.4
3221 31942.5
3222 30774.1
3223 29958
3224 30615.9
3225 30560.2
3226 29643.6
3227 30406.5
3228 29592
3229 29351.5
3230 30112.4
3231 30772.1
3232 29902
3233 29121.2
3234 29192.3
3235 30588.3
3236 30236
3237 31827.8
3238 31587.6
3239 30204.4
3240 29705.6
3241 25411.3
3242 23579.9
3243 24448.1
3244 23873.7
3245 24619.2
3246 24134.3
3247 25257.3
3248 25393.1
3249 24201.8
3250 24111.6
3251 24805.1
3252 25049.9
3253 25701.6
3254 25153.6
3255 24580
3256 25294.7
3257 25788.6
3258 25703.8
3259 24644.3
3260 25441.6
3261 26242.9
3262 26683.3
3263 25909.9
3264 26073.9
3265 25214.2
3266 25866
3267 26046.5
3268 25570.1
3269 25672.7
3270 26211.5
3271 25957.1
3272 27045.5
3273 27283.2
3274 26869.5
3275 27881.1
3276 26966.1
3277 28248.5
3278 28843.2
3279 29221.3
3280 30396.4
3281 29699.7
3282 29421.5
3283 30280.8
3284 30211.9
3285 30147
3286 29338.4
3287 29557.5
3288 28870.4
3289 29114.8
3290 29823.2
3291 29717.7
3292 30269.3
3293 27215.8
3294 29407.9
3295 29399.8
3296 30294.7
3297 29622.8
3298 30795.3
3299 31429.4
3300 32439.3
3301 32637
3302 31706.5
3303 30890.9
3304 31608
3305 31679.6
3306 30959.2
3307 31124.9
3308 30499.2
3309 30309.2
3310 31010.6
3311 31790.6
3312 30677.7
3313 29995.8
3314 29745.9
3315 31141.6
3316 30490
3317 32129.7
3318 31521.3
3319 30969.1
3320 30796.2
3321 31744
3322 23652.3
3323 24655.6
3324 24179.5
3325 24990.7
3326 24465.5
3327 25275.4
3328 25384
3329 24401.8
3330 24099.1
3331 25021.3
3332 25165.9
3333 26098.9
3334 25659.4
3335 25356.9
3336 26323.8
3337 26728.8
3338 26488.6
3339 25222.7
3340 26061.6
3341 26828.1
3342 27543.7
3343 27103.2
3344 27004.4
3345 25925.5
3346 26550.3
3347 26941.2
3348 26605.8
3349 26837.4
3350 27214.4
3351 26813.3
3352 27795.3
3353 28391.1
3354 28255.1
3355 29175.1
3356 28661.8
3357 29744
3358 30411.7
3359 30651.6
3360 28535.3
3361 28073.5
3362 27849.1
3363 28777.6
3364 29158.9
3365 29281.5
3366 28463
3367 28506.6
3368 27642.5
3369 27565.6
3370 28593.2
3371 28227
3372 28888.9
3373 25808
3374 27869.9
3375 27983
3376 28829.7
3377 28139.9
3378 29024.9
3379 29277.4
3380 30367.9
3381 30248.6
3382 29465.6
3383 29022.9
3384 29538.5
3385 29535
3386 28616.7
3387 29060.1
3388 28249.5
3389 28013.6
3390 28951.5
3391 29780.4
3392 29094
3393 28557.9
3394 28195
3395 29114.9
3396 28675.7
3397 30289.2
3398 29781.4
3399 29230.3
3400 29363.2
3401 30628.2
3402 28982.4
3403 22891.4
3404 22685.3
3405 23315.3
3406 22825.1
3407 23688.8
3408 23735.2
3409 22655.9
3410 22364.7
3411 23302.1
3412 23653.3
3413 24571.4
3414 24215.5
3415 24074
3416 24977.2
3417 25471.1
3418 25360.3
3419 24455
3420 25235.6
3421 25935.5
3422 26550.2
3423 25821.9
3424 25898.5
3425 25127.7
3426 25683.7
3427 25848.2
3428 25124.6
3429 25473.9
3430 25956.4
3431 25739.7
3432 26385.1
3433 26834.9
3434 26822.5
3435 27862.6
3436 26919
3437 27962.4
3438 28444.2
3439 28663.7
3440 29150
3441 28417.4
3442 28653.2
3443 29793.9
3444 29810.2
3445 29519.8
3446 28763.5
3447 28768.6
3448 28269.1
3449 28333.1
3450 29457
3451 28736.3
3452 29290.3
3453 26267
3454 28452.5
3455 28367.8
3456 29073.2
3457 28772.8
3458 29860.2
3459 30272
3460 31983.3
3461 31859.6
3462 30477.3
3463 30123.4
3464 30970.4
3465 30838.4
3466 29544
3467 30004
3468 29046.2
3469 28971.1
3470 29735.7
3471 30268.1
3472 29555.6
3473 28620.7
3474 28700.5
3475 29706.2
3476 29235.8
3477 31365.6
3478 30741.7
3479 30341.6
3480 29923.3
3481 31824.6
3482 29558.5
3483 30313.9
3484 23289.1
3485 23803.2
3486 23399.3
3487 24124.3
3488 24165.9
3489 23129.5
3490 22918.8
3491 23794.8
3492 24023.3
3493 24912.5
3494 24462.6
3495 24063.2
3496 25203
3497 25507.1
3498 25299.8
3499 24561.6
3500 25309.1
3501 26279.1
3502 27011.1
3503 26215.1
3504 26137.6
3505 25133.8
3506 25643.9
3507 25996.9
3508 25425.9
3509 25603.3
3510 26015.8
3511 25913.5
3512 27207.8
3513 27657.4
3514 27428
3515 28271.3
3516 27497.9
3517 28465
3518 29368.5
3519 29660.9
3520 28432.5
3521 27782.7
3522 27707.5
3523 28685
3524 28369.8
3525 28795.4
3526 28251.4
3527 27795.2
3528 27184.7
3529 27323.1
3530 28299.4
3531 27893.7
3532 28367.4
3533 25592.1
3534 27666.6
3535 27609.5
3536 28588.6
3537 27923
3538 28786.6
3539 28996
3540 30594.2
3541 30693.2
3542 29679.9
3543 29185.9
3544 30204.7
3545 29849.3
3546 28913.2
3547 28987.6
3548 28336.4
3549 28800.1
3550 29308.9
3551 30145.2
3552 29330
3553 28566.9
3554 28216.4
3555 29413
3556 28614.2
3557 30460.1
3558 29724.4
3559 29128.5
3560 29042.9
3561 30376.8
3562 28742.8
3563 29745.1
3564 29515.4
3565 22668.8
3566 22364.9
3567 23059.8
3568 23050.5
3569 22135.3
3570 21931.8
3571 22865.5
3572 23305.8
3573 24200.9
3574 24034.1
3575 23649
3576 24734.2
3577 24909.8
3578 24726.1
3579 23884.5
3580 24252.3
3581 25207.5
3582 25840.9
3583 25205.8
3584 25314.9
3585 24776.8
3586 25224.3
3587 25611.4
3588 24956
3589 24873.3
3590 25727.3
3591 25151.2
3592 26048.5
3593 26377
3594 26497.6
3595 27478.8
3596 26805.7
3597 28021.8
3598 28623.7
3599 28764.4
3600 28900
3601 28327.6
3602 28239
3603 28937
3604 28552
3605 28290.1
3606 28033
3607 27758.7
3608 27454.9
3609 27821.3
3610 28109.8
3611 27958.2
3612 28218.6
3613 25633.5
3614 27771.4
3615 27930.3
3616 29026.2
3617 28372.6
3618 29243.2
3619 29456.7
3620 30875
3621 30814
3622 29583.9
3623 29070.1
3624 30049.8
3625 29459
3626 28727.2
3627 28475.8
3628 28042.7
3629 28357.5
3630 29029.6
3631 30081
3632 29214.4
3633 28204.6
3634 27899.7
3635 28773
3636 28224.2
3637 30060.3
3638 29459.9
3639 29179.8
3640 28770
3641 30513.6
3642 28294.1
3643 29964.6
3644 28917.9
3645 29223.5
3646 22208.1
3647 22763.1
3648 22628.4
3649 21792
3650 21477.8
3651 22405.8
3652 22595.3
3653 23385.2
3654 23537.5
3655 23221.9
3656 24229.9
3657 24406
3658 23864.9
3659 23458
3660 23788.2
3661 24555.7
3662 25252.8
3663 24810.3
3664 25048.7
3665 24622.1
3666 24977.5
3667 25519.7
3668 25250.5
3669 24887
3670 26089
3671 25664.6
3672 26665.6
3673 27018.2
3674 27168.8
3675 28343.1
3676 27409
3677 28794.3
3678 29301.9
3679 29535.7
3680 28678.9
3681 28129.9
3682 27855.9
3683 28538.5
3684 28090.2
3685 27622.6
3686 27313.2
3687 27141.3
3688 27064.2
3689 27436.5
3690 27654.6
3691 27394.3
3692 27506.1
3693 24885.6
3694 27220.1
3695 27350.8
3696 28088.7
3697 27562.2
3698 28715.5
3699 29064.3
3700 30482.1
3701 30543.4
3702 29587.5
3703 29119.9
3704 29918.9
3705 29959.1
3706 28811.7
3707 28472.3
3708 28050.5
3709 28134.6
3710 28791
3711 29908.1
3712 28819
3713 27974.6
3714 27669.4
3715 28365.1
3716 27884.4
3717 29674
3718 29182.6
3719 28624
3720 28452.5
3721 30027.7
3722 28117.6
3723 29339.5
3724 29025.8
3725 29280.9
3726 29096.6
3727 22313.2
3728 22390.7
3729 21629.2
3730 21362.7
3731 22333.5
3732 22312.6
3733 23180.7
3734 23190.8
3735 22842.2
3736 23916.9
3737 24144.6
3738 23697
3739 23696.4
3740 23969.3
3741 24491.5
3742 25267.9
3743 24695.9
3744 24671.8
3745 24566.5
3746 24779.6
3747 25273.6
3748 25063.5
3749 24593
3750 25407.2
3751 25004
3752 26198.1
3753 26499.1
3754 26239.6
3755 27877.4
3756 26935.1
3757 28287
3758 28776.2
3759 28937
3760 29117.1
3761 28332
3762 28158.6
3763 28789.9
3764 28730.9
3765 28813.3
3766 28016.3
3767 27834.4
3768 27640.6
3769 28605.3
3770 28781.1
3771 28173.6
3772 28544.2
3773 25770
3774 28439
3775 28607.9
3776 29191.2
3777 28556
3778 29680
3779 29927.8
3780 31266.2
3781 31098.3
3782 30125.9
3783 30165.4
3784 30575.3
3785 30587.1
3786 29258.3
3787 29154.5
3788 28492.4
3789 28760.2
3790 29304.9
3791 30193.8
3792 29720
3793 28820.1
3794 28542.4
3795 28933.8
3796 28485.2
3797 29883.3
3798 29472.1
3799 28622.3
3800 28732
3801 30276.4
3802 28390.5
3803 29692
3804 29110.8
3805 29939.5
3806 29234.6
3807 30313.7
3808 22940.5
3809 22156.3
3810 21874
3811 22857.9
3812 23060.2
3813 24015.1
3814 23628.3
3815 23271.3
3816 24453.4
3817 24917.5
3818 24614.4
3819 24416.4
3820 24961.2
3821 25563.7
3822 26224.9
3823 25215
3824 25452.5
3825 24918
3826 25205.9
3827 26125.9
3828 26040.5
3829 25697.5
3830 26615.8
3831 26179.9
3832 27042.1
3833 27208.3
3834 26971.1
3835 28203.7
3836 27384.2
3837 28923.7
3838 29422.9
3839 29291.3
3840 28712.3
3841 27730.6
3842 27462.6
3843 28329
3844 28357.3
3845 28060
3846 27307.7
3847 27344.6
3848 27335.1
3849 28085.7
3850 28192.4
3851 27223.5
3852 27663.7
3853 25004.6
3854 27489.3
3855 27611
3856 27867.7
3857 27644.1
3858 28620.4
3859 28909.5
3860 29977.3
3861 30119.3
3862 29317.7
3863 29101.8
3864 29921.6
3865 29633.6
3866 28516.9
3867 28403.6
3868 27833.3
3869 28002.5
3870 28546.6
3871 29339.1
3872 28668.6
3873 27999
3874 27792.8
3875 28466.5
3876 27668.8
3877 29664.1
3878 29486
3879 28758.7
3880 28883.6
3881 30015.4
3882 28319.3
3883 29372.8
3884 28784.3
3885 29264.3
3886 28941
3887 30049.6
3888 30057.5
3889 21885.4
3890 22023.1
3891 22938.7
3892 23197.7
3893 24278.8
3894 23885.1
3895 23419.7
3896 24718
3897 25115.3
3898 24894.9
3899 24566.7
3900 24863.3
3901 25647.1
3902 26305.7
3903 25208.4
3904 25793.5
3905 25358.8
3906 25776.3
3907 26347.2
3908 26229
3909 25725
3910 26898.4
3911 25984.7
3912 27100.7
3913 27295.5
3914 26717.9
3915 27959.9
3916 27001.5
3917 28246.7
3918 28815.8
3919 28923.1
3920 27380.1
3921 26456.7
3922 26130.7
3923 26855.5
3924 26867.8
3925 26708.8
3926 26361.8
3927 26444
3928 26661.2
3929 26792.4
3930 27299.3
3931 26625.2
3932 27055.3
3933 24805.2
3934 27129
3935 27272.2
3936 27558.2
3937 27231.6
3938 28213.6
3939 28639.4
3940 29407
3941 29928.5
3942 29170.5
3943 28609.4
3944 29307
3945 29157.3
3946 27902.8
3947 27844.5
3948 27136.7
3949 27341.9
3950 27831.6
3951 28862.3
3952 28166.4
3953 27255.7
3954 26569.5
3955 27042.1
3956 26481.8
3957 28169.8
3958 27881.8
3959 27249.8
3960 27543.4
3961 28439.5
3962 26484.3
3963 27877.3
3964 27114.5
3965 27828.3
3966 27390
3967 28479.6
3968 28357.4
3969 27659.3
3970 20413.1
3971 21293.8
3972 21462.4
3973 22417.6
3974 22059.7
3975 21633.6
3976 22923.2
3977 23391.6
3978 22864.1
3979 22890.3
3980 23185.1
3981 23917.4
3982 24408
3983 23608.4
3984 23966.3
3985 23715.2
3986 24179.4
3987 24740.1
3988 24588.5
3989 24237.6
3990 25117.6
3991 24433.9
3992 25539.9
3993 25344.5
3994 24823.5
3995 26497.7
3996 25618.8
3997 26936
3998 27484.9
3999 27423.5
4000 27210.1
4001 26465.8
4002 26304.1
4003 26718.8
4004 26722.6
4005 26679.6
4006 26240.9
4007 26166.4
4008 26357.8
4009 26548.1
4010 26910.1
4011 26110
4012 26591.1
4013 24065.6
4014 26458.9
4015 26529.3
4016 27069.9
4017 26762.4
4018 27414.4
4019 27842.8
4020 28727
4021 29107.3
4022 28303.7
4023 28042.1
4024 28476
4025 28746.4
4026 27729.2
4027 27504.7
4028 26822.3
4029 27371.2
4030 27964.1
4031 29147.8
4032 28619.3
4033 27515.5
4034 26870.8
4035 27706.6
4036 26961.3
4037 28713.9
4038 27850.6
4039 27218.7
4040 27357.8
4041 28333.5
4042 26551.8
4043 27862.7
4044 27209.5
4045 27598.7
4046 27264.4
4047 28344.1
4048 28664.7
4049 27670.4
4050 28129.2
4051 21402.3
4052 21756.7
4053 22824.3
4054 22730.5
4055 22369.3
4056 23571.9
4057 24234.2
4058 23504
4059 23290.1
4060 23582.4
4061 24247.3
4062 24688.6
4063 23925
4064 24386.1
4065 24142.3
4066 24587.9
4067 25310.1
4068 25151.4
4069 25065
4070 25705.5
4071 24917.1
4072 25686.5
4073 25616.2
4074 25363.7
4075 26509.4
4076 25654.9
4077 26863.6
4078 27000.7
4079 27300.9
4080 28294.4
4081 27593.9
4082 27202.5
4083 27586.3
4084 27394.8
4085 27840.7
4086 27196.8
4087 27150.9
4088 27301.7
4089 27653.8
4090 27917.9
4091 27237.8
4092 27777.3
4093 25119.8
4094 27287.5
4095 27129.5
4096 27714.3
4097 27221.5
4098 27974.6
4099 28524.3
4100 29575
4101 29656.6
4102 28543.9
4103 28353.1
4104 29013.3
4105 28810.1
4106 27850.4
4107 27643.1
4108 27165.6
4109 27469.5
4110 27896.3
4111 29073
4112 28707.9
4113 27603
4114 27109.7
4115 28155.1
4116 27485.9
4117 28965.1
4118 28008.1
4119 27442.4
4120 27839.8
4121 29040.1
4122 26809
4123 27948.9
4124 27217.2
4125 27918.4
4126 27542
4127 28947.9
4128 28900.5
4129 28219.1
4130 28341.8
4131 28899.2
4132 22141.7
4133 23187.7
4134 22930
4135 22719.8
4136 23947.3
4137 24611.9
4138 23827.1
4139 23868.1
4140 24209.3
4141 25025.6
4142 25296.1
4143 24849.3
4144 25181.9
4145 25074.4
4146 25631.2
4147 26195.1
4148 25976.7
4149 25902.3
4150 26724.7
4151 25603.4
4152 26665.2
4153 26509.3
4154 26459.3
4155 28000.6
4156 26867.6
4157 28361.4
4158 28220.1
4159 28655.1
4160 27584.5
4161 26792.8
4162 26544.2
4163 27192.9
4164 26674.5
4165 27030.4
4166 26410.2
4167 26631.7
4168 26689.5
4169 27108.4
4170 27050.8
4171 26737.8
4172 27262
4173 24916.7
4174 27078
4175 26832
4176 27857.1
4177 27288.4
4178 28274.3
4179 28465.9
4180 29688.9
4181 29793.4
4182 28868.2
4183 28396.3
4184 28972.8
4185 28538.5
4186 27905.9
4187 27345.2
4188 27000.4
4189 27401
4190 28063.3
4191 28661.7
4192 28091.7
4193 27076.6
4194 26577.6
4195 27658.1
4196 27016.3
4197 28684.7
4198 28111.4
4199 27466.3
4200 27700.1
4201 28519
4202 26659.2
4203 27803.5
4204 27301.6
4205 27710.1
4206 27585.7
4207 28383.9
4208 28664.5
4209 27652.2
4210 28200.1
4211 28507.2
4212 28950.9
4213 22452.2
4214 22324
4215 21812.3
4216 23076.6
4217 23497.7
4218 23213.9
4219 22938.8
4220 23215
4221 23992.4
4222 24405.6
4223 23742.1
4224 24099.9
4225 24193.4
4226 24857.9
4227 25241.1
4228 24955.3
4229 25126.1
4230 25815.6
4231 24966.5
4232 25752.4
4233 25641.9
4234 25268.3
4235 26337.6
4236 25716.2
4237 27478.7
4238 27481.8
4239 28097.1
4240 29380.1
4241 28522.6
4242 28093.6
4243 28757.8
4244 28309.2
4245 28452.8
4246 27707
4247 28110.2
4248 27859.9
4249 28452.3
4250 28738.1
4251 28328.5
4252 28491.1
4253 26225.2
4254 28667.6
4255 28505.6
4256 29503.4
4257 28430.1
4258 29359.6
4259 29643.7
4260 30940.8
4261 30980.1
4262 30061.8
4263 29486.2
4264 30029.7
4265 29636.7
4266 29011
4267 28338.4
4268 27916.1
4269 28345.4
4270 29336.2
4271 29821.4
4272 29341.4
4273 28258.1
4274 27724
4275 28782.6
4276 28163.3
4277 29392.4
4278 29044.1
4279 28092.4
4280 28445.1
4281 29455.9
4282 27689
4283 28330.1
4284 27849
4285 28379.1
4286 28024.8
4287 28916.9
4288 29039
4289 27994.2
4290 28355.4
4291 29032.9
4292 29309.7
4293 30252.6
4294 22643.3
4295 22375.3
4296 23499.8
4297 24023.5
4298 23539.9
4299 23596.6
4300 23924.5
4301 24667.7
4302 25214.6
4303 24732.8
4304 25225.7
4305 25026
4306 25694.8
4307 26314.8
4308 25865.6
4309 25818.4
4310 26899.7
4311 26072.2
4312 27043.9
4313 26880.9
4314 26416.3
4315 28155
4316 27029.1
4317 29070.4
4318 29546.6
4319 29823.9
4320 28946.3
4321 28152.3
4322 28084.1
4323 29011.3
4324 28388.4
4325 28377
4326 27934
4327 28392.7
4328 27761.9
4329 28162.1
4330 28430.6
4331 28021.1
4332 28680.8
4333 25773.3
4334 28215.7
4335 28133.1
4336 29446.5
4337 28463.2
4338 29219.4
4339 29381
4340 30502.8
4341 30386
4342 29904.3
4343 29703.4
4344 30335
4345 29507.1
4346 28667.7
4347 28075.2
4348 27756.9
4349 27953.6
4350 29031.2
4351 29635.8
4352 29107.7
4353 27952.2
4354 27480.1
4355 28605.3
4356 27888.3
4357 29337.8
4358 28873.9
4359 27795.9
4360 28017.5
4361 29000.7
4362 27348.5
4363 28401.7
4364 27801.8
4365 28255.8
4366 27828.6
4367 28337.3
4368 28542.6
4369 27526.6
4370 28205.4
4371 28624.7
4372 29224.2
4373 30115.3
4374 29660.2
4375 22284.9
4376 23519.5
4377 23883.6
4378 23312.3
4379 23513.5
4380 23837
4381 24312.4
4382 25011
4383 24389.6
4384 24566.1
4385 24469.8
4386 25171.8
4387 25862.9
4388 25442.4
4389 25611.8
4390 26373.7
4391 25761.4
4392 26504.9
4393 26337.9
4394 25801.3
4395 27363.7
4396 26919.9
4397 28730.2
4398 29333.4
4399 29450.7
4400 27888.3
4401 27374.3
4402 27371.7
4403 28254.7
4404 27800.4
4405 27458.1
4406 27290
4407 27661.5
4408 27045.3
4409 27432.9
4410 27469.8
4411 27169.4
4412 27815.5
4413 24991.4
4414 27426.8
4415 27303.4
4416 28223.2
4417 27277.4
4418 28054.2
4419 28208.2
4420 29622.7
4421 29201.8
4422 28632.7
4423 28267
4424 29081.5
4425 28542.5
4426 27623.8
4427 27696.6
4428 27117
4429 26834.4
4430 27664.3
4431 28204
4432 27706
4433 26801.4
4434 26346.9
4435 27776.8
4436 27138.7
4437 28499.8
4438 28700.9
4439 27508.7
4440 27765.5
4441 28746
4442 26920
4443 27572.7
4444 27083.4
4445 27446.8
4446 27108.3
4447 27945.8
4448 28058
4449 27066.3
4450 27542.7
4451 28343.9
4452 28573.5
4453 29722.8
4454 29241.7
4455 29195.9
4456 22836.5
4457 23317.4
4458 23096.7
4459 23136.5
4460 23661
4461 24019
4462 24770.9
4463 24073.4
4464 24572.4
4465 24219.3
4466 24862.5
4467 25699.8
4468 25170.6
4469 25346
4470 26147.8
4471 25664
4472 26296.2
4473 26058.2
4474 25786
4475 27254.1
4476 26767
4477 28103.3
4478 28594
4479 28322.9
4480 28083.2
4481 27338.8
4482 27263.9
4483 28130.5
4484 27421.2
4485 27086.9
4486 26949.5
4487 27257.3
4488 26959.5
4489 27344.9
4490 27952
4491 27324.2
4492 27586.1
4493 24751.9
4494 27075.3
4495 26968.8
4496 27941.7
4497 26673.8
4498 27560.6
4499 27574.4
4500 28860.6
4501 28734.2
4502 28179.6
4503 27745.5
4504 28891.6
4505 28417.3
4506 27252.8
4507 27024.8
4508 26541.6
4509 26409.3
4510 27280.4
4511 28018.8
4512 27546.9
4513 26890.6
4514 26382.4
4515 27255.2
4516 26946.8
4517 28487.5
4518 28561.5
4519 27414.6
4520 27633.2
4521 28551.8
4522 26818.7
4523 27360.7
4524 26949.4
4525 27597
4526 27266.9
4527 28425.6
4528 28330.2
4529 27401.6
4530 27726.6
4531 28289.5
4532 28543.1
4533 29355
4534 29217.8
4535 28930.1
4536 29632.5
4537 23035.3
4538 22578.4
4539 22801.2
4540 23215.9
4541 23467
4542 24262.3
4543 23557.5
4544 24225.2
4545 23908.9
4546 24453.3
4547 25522.2
4548 25287.3
4549 25063.2
4550 26004.5
4551 25473.2
4552 26506.6
4553 26129.2
4554 25779.4
4555 27142
4556 26805.4
4557 28057.7
4558 28854.4
4559 28661.7
4560 28840.4
4561 28036.9
4562 27963.4
4563 28829.3
4564 28849.3
4565 28508.7
4566 28248.6
4567 28398.9
4568 27967.3
4569 28215.6
4570 29183.2
4571 28339.2
4572 28729.2
4573 25565.7
4574 28010.2
4575 27946.3
4576 29177.3
4577 28167.6
4578 29067.8
4579 29364
4580 30670.8
4581 30363.1
4582 29769.2
4583 29427
4584 30161.5
4585 29590.5
4586 28629.2
4587 28781.5
4588 27874.5
4589 27381.3
4590 28453.4
4591 29272.8
4592 29165.7
4593 28173.7
4594 28075.8
4595 28714.1
4596 28108.1
4597 29576.2
4598 29635.4
4599 28680.3
4600 28721.9
4601 29706.6
4602 27374.9
4603 28683.6
4604 27734.4
4605 28351.9
4606 28017.6
4607 29021.2
4608 28766.1
4609 27849.1
4610 28219.1
4611 28857
4612 29067.1
4613 29983.3
4614 29313
4615 29448.8
4616 30327.4
4617 30133.6
4618 23797.2
4619 23870.6
4620 24283.5
4621 24531.5
4622 25618.8
4623 24959.6
4624 25456.9
4625 24855.4
4626 25200.7
4627 26502.6
4628 26167
4629 26088.8
4630 26797.8
4631 26360.3
4632 27362.4
4633 27194.4
4634 26916.2
4635 28010.6
4636 27631.6
4637 28968.7
4638 29346.1
4639 29199.2
4640 28927.5
4641 28530.6
4642 28103.2
4643 29057.9
4644 28888.5
4645 28563.8
4646 28402.1
4647 28858.6
4648 28229.2
4649 28317.5
4650 29250.4
4651 28498.5
4652 29050.6
4653 25478.9
4654 27756.4
4655 27532.1
4656 28583.4
4657 27672
4658 28694.5
4659 28966.9
4660 30219.9
4661 30103.1
4662 29532
4663 28957.8
4664 30046.8
4665 29308.4
4666 28437.9
4667 28491.6
4668 27689.6
4669 27323.8
4670 28311.6
4671 28879.9
4672 28767.9
4673 27960.6
4674 27585.7
4675 28609.8
4676 28246.5
4677 29152.3
4678 29339.1
4679 28356.3
4680 28396
4681 29331.1
4682 27095.6
4683 27913.1
4684 26961.5
4685 27547.9
4686 27082.9
4687 28258.4
4688 28019.3
4689 27056.6
4690 27196.5
4691 28221.1
4692 28871.4
4693 29594.2
4694 29396.4
4695 28990.9
4696 30338
4697 30560.4
4698 30217.9
4699 24109
4700 24763.3
4701 25275.8
4702 26182.1
4703 25267.1
4704 25865.3
4705 25078.5
4706 25453.8
4707 26593.2
4708 26205.2
4709 26297.8
4710 27199.8
4711 26536.6
4712 27399.9
4713 27341.1
4714 26876.1
4715 27976
4716 27631.1
4717 28867.6
4718 29595.3
4719 29498.6
4720 28737.7
4721 28153.3
4722 27970.6
4723 28615.2
4724 28395.2
4725 28166.7
4726 27618.6
4727 27464.2
4728 27235.9
4729 27174.2
4730 28148.4
4731 27490.5
4732 27937.8
4733 24988.8
4734 27436.4
4735 27326.1
4736 28439.4
4737 27590.8
4738 28701.9
4739 28676.5
4740 29691.9
4741 29433.8
4742 28982.4
4743 28534.7
4744 29266.9
4745 28526.2
4746 27718.2
4747 27992.9
4748 27180.3
4749 26971.2
4750 28150.3
4751 28626.5
4752 28458.8
4753 27443.5
4754 27145.2
4755 28005.5
4756 27805.3
4757 29024.5
4758 28590.8
4759 27821.1
4760 27859.2
4761 28949.1
4762 27004.5
4763 28005.7
4764 26941.1
4765 27428.8
4766 27139.5
4767 27966.6
4768 27980.3
4769 27044.1
4770 27315.4
4771 28070.4
4772 28346.2
4773 29068.7
4774 29064.1
4775 28434.6
4776 29290.4
4777 29853.7
4778 29361.7
4779 28941.6
4780 23061
4781 23594.6
4782 24363.5
4783 23701.7
4784 24155.8
4785 24013.2
4786 24482.9
4787 25446.9
4788 25139.2
4789 25627.9
4790 26097.4
4791 25589.5
4792 26473.1
4793 26679.8
4794 26073.6
4795 27470.3
4796 27267.3
4797 28585.8
4798 29218.3
4799 29003.7
4800 28595.2
4801 28160.1
4802 28212.5
4803 28828.2
4804 28598.2
4805 28444.2
4806 28086.3
4807 28241.2
4808 27863.8
4809 27514.9
4810 28534.5
4811 27984
4812 28759.4
4813 25848
4814 28047.1
4815 27666.7
4816 28630.9
4817 27891
4818 28695.6
4819 28748
4820 30066
4821 29759.4
4822 29058.5
4823 28753.4
4824 29096
4825 28569
4826 27735.8
4827 27893.4
4828 26682.3
4829 26223.6
4830 27079.4
4831 27729.2
4832 27466.5
4833 26639
4834 26731.1
4835 27326.5
4836 27353.5
4837 28306
4838 27968.9
4839 27245.5
4840 27375.7
4841 28398.8
4842 26108.8
4843 26864.2
4844 26034.9
4845 26875.8
4846 26290
4847 27049.2
4848 26938.6
4849 25913.1
4850 26433.7
4851 27464.3
4852 27493.2
4853 28279.6
4854 28341.3
4855 27572.9
4856 28583.5
4857 29251.2
4858 29563.2
4859 29401.2
4860 29646.8
4861 23571
4862 24583
4863 24181.4
4864 24577.4
4865 24466.2
4866 24973.5
4867 25750.9
4868 25372.9
4869 25753.7
4870 26382.5
4871 25732.7
4872 26580.7
4873 26658.6
4874 26246.3
4875 27674.7
4876 27452.3
4877 28493.2
4878 29002.3
4879 28800.9
4880 28968.7
4881 28333.1
4882 28682
4883 29316.3
4884 28924.8
4885 28826.3
4886 28295.9
4887 28475.1
4888 28327.9
4889 28191.4
4890 29452.4
4891 28757.3
4892 29424.7
4893 26421.3
4894 28762.3
4895 28505
4896 29458.4
4897 28446.7
4898 29209.1
4899 29414.2
4900 30632.9
4901 30435.9
4902 29606.6
4903 29230.7
4904 29581.7
4905 29359.4
4906 28058.4
4907 28408.9
4908 27480.1
4909 27263.7
4910 27927.1
4911 28567.7
4912 28306.8
4913 27516.1
4914 27529.3
4915 27664.9
4916 27713.4
4917 28791.1
4918 28276.8
4919 27498.8
4920 27276.1
4921 28308.7
4922 26657.9
4923 27601.8
4924 26582
4925 27578.7
4926 26842.1
4927 27652.6
4928 27591.5
4929 26688.7
4930 27009.5
4931 27753.2
4932 27735
4933 28536.5
4934 28431.8
4935 27796.6
4936 28639.3
4937 29244.2
4938 28972.2
4939 29379.7
4940 29203.1
4941 29528.5
4942 23873.6
4943 23500.7
4944 23856.7
4945 24251.3
4946 24641.9
4947 25643.4
4948 25242.8
4949 25890
4950 26280.6
4951 25927.6
4952 26597.3
4953 26577.1
4954 26246.7
4955 27767.9
4956 27491.9
4957 28801.4
4958 29191.2
4959 29184.3
4960 30606.5
4961 29894.6
4962 29701
4963 30099.6
4964 29763.8
4965 29817.5
4966 29443.8
4967 29611.2
4968 28941.9
4969 29065.8
4970 30353.7
4971 29733.4
4972 30538.9
4973 27079.4
4974 29703
4975 29466
4976 29944.7
4977 29014.8
4978 30276.9
4979 30531.9
4980 31551.5
4981 31488.4
4982 30582.1
4983 30017.6
4984 30823.8
4985 30562.7
4986 29176.4
4987 29588.8
4988 28911.2
4989 28386.7
4990 29663.6
4991 30470.4
4992 29843.1
4993 28970.2
4994 28735.9
4995 28967.9
4996 28750.3
4997 29900.4
4998 29681.4
4999 29130.8
5000 28595.8
5001 29594.1
5002 27730.3
5003 28938.7
5004 27869.1
5005 29234.6
5006 28720.3
5007 29012.4
5008 28734.4
5009 27941.5
5010 28128.1
5011 28883.3
5012 29015.2
5013 29744.3
5014 29723.4
5015 29219.8
5016 29948.6
5017 30601.2
5018 30357.5
5019 29956.6
5020 30530.7
5021 30987.6
5022 31544.7
5023 24887
5024 25455.5
5025 25893.2
5026 26393.3
5027 27096.7
5028 26708
5029 27226.6
5030 27727
5031 27468.1
5032 28049.8
5033 28218.3
5034 27918.8
5035 29769.8
5036 29117.6
5037 30713.9
5038 30820.5
5039 30740.2
5040 29261.1
5041 28246.8
5042 28601.3
5043 28764.4
5044 28976.8
5045 28592.3
5046 28282
5047 28402.7
5048 28175.8
5049 28261.9
5050 29517.8
5051 29135.6
5052 29456.1
5053 26627.1
5054 29188.4
5055 28882.4
5056 29338.5
5057 28464.3
5058 29387.7
5059 29651.1
5060 30490.7
5061 30262
5062 29218.5
5063 28986.5
5064 29559
5065 29561.5
5066 28164.1
5067 28777.4
5068 28257.9
5069 27836.4
5070 28694.5
5071 29315.7
5072 28831.7
5073 28119
5074 27879.4
5075 28316.7
5076 27766.1
5077 29050.5
5078 29037.5
5079 28379.7
5080 28164.8
5081 29144.1
5082 27204.6
5083 28772.9
5084 27459
5085 28546
5086 28003.2
5087 28486
5088 28216.8
5089 27101.1
5090 27366.6
5091 27995.8
5092 28286.5
5093 29025.2
5094 29037.3
5095 28260.3
5096 29144.7
5097 30135.7
5098 29392.4
5099 29411.9
5100 29504.7
5101 30847
5102 31415
5103 30393.5
5104 24696
5105 24951.1
5106 25419.3
5107 26192.4
5108 25931.2
5109 26212.4
5110 26296.9
5111 26136.2
5112 26940.4
5113 27274.3
5114 27059.9
5115 28688.7
5116 28249.1
5117 29669.3
5118 29746.6
5119 29473
5120 29074.9
5121 28162.9
5122 28504.9
5123 28756.1
5124 28781.1
5125 28290.5
5126 28242.8
5127 28617.4
5128 28136.2
5129 28111.6
5130 29524.5
5131 28889.3
5132 29034.9
5133 26293.8
5134 28773.3
5135 28632.9
5136 29416.9
5137 28349.2
5138 29082.3
5139 29333.5
5140 30086.8
5141 29838.6
5142 29135.2
5143 28772.3
5144 29001.8
5145 28977.3
5146 27986.4
5147 28279.7
5148 27603.1
5149 27027
5150 27869.2
5151 28497.3
5152 28179.8
5153 27477.1
5154 26987.1
5155 27455.6
5156 27240.6
5157 28037.3
5158 28186.3
5159 27768.7
5160 27332.5
5161 28487.5
5162 26652.9
5163 28400.9
5164 27101.3
5165 27888.1
5166 27481.9
5167 28061.8
5168 27752.7
5169 26830.1
5170 27022.3
5171 27708.8
5172 27952.4
5173 28898.8
5174 28560.1
5175 28046.7
5176 28819
5177 29473.4
5178 29212.7
5179 29010.6
5180 29315.4
5181 30254
5182 31480.9
5183 30707.8
5184 30571.2
5185 24169.9
5186 24641.5
5187 25405.4
5188 25274.8
5189 25360.6
5190 26039.3
5191 25751.1
5192 26821.7
5193 27012.6
5194 27045.3
5195 28320.8
5196 28133.8
5197 29236.7
5198 29193.4
5199 28935.4
5200 28104.4
5201 27284.4
5202 27728.2
5203 27677.8
5204 27743.2
5205 27165.4
5206 27157.4
5207 27687
5208 27444.8
5209 27441.9
5210 28237.2
5211 27656.2
5212 28197.2
5213 25387.4
5214 27505.3
5215 27353
5216 28212.7
5217 27123.3
5218 28089.7
5219 28116.5
5220 29173.6
5221 28976.8
5222 28580.5
5223 27845.6
5224 28311.1
5225 28250.1
5226 27238.7
5227 27582.4
5228 27045.3
5229 26534.8
5230 27234.2
5231 27889.1
5232 27298.2
5233 26447.5
5234 26026.9
5235 26245.5
5236 26363.9
5237 27137.6
5238 27389.7
5239 26756.6
5240 25995.4
5241 27276.7
5242 25496.3
5243 26975.8
5244 26200.4
5245 26860.6
5246 26725.8
5247 27139.4
5248 26935.5
5249 26180.1
5250 26070.1
5251 26869.6
5252 26927.2
5253 27741.9
5254 27540
5255 27195.7
5256 27860.6
5257 28396.4
5258 28058.2
5259 28110.2
5260 28293.1
5261 29648
5262 30300.6
5263 30132.8
5264 29975.9
5265 29793.9
5266 23395.7
5267 24141
5268 23976.2
5269 24048.6
5270 24769.2
5271 24404.9
5272 25665.7
5273 25797.7
5274 25755
5275 26823.3
5276 26549
5277 27860
5278 28043.3
5279 27730.2
5280 27942.9
5281 27214.2
5282 27724.9
5283 27782.6
5284 27976.8
5285 27617.9
5286 27724.7
5287 28084.3
5288 27645.9
5289 27529.9
5290 28419.6
5291 27922.6
5292 28547.4
5293 25556.2
5294 27581.4
5295 27441.1
5296 28442.9
5297 27376.4
5298 28153.5
5299 28287.1
5300 29505.7
5301 29231
5302 28919.4
5303 28318.5
5304 29272.9
5305 29112.9
5306 27856.8
5307 28074.5
5308 27566
5309 27102.6
5310 27936.4
5311 28271.8
5312 27838
5313 27258.2
5314 26393
5315 26941.4
5316 27144.2
5317 27629.3
5318 27408.3
5319 26672.2
5320 26333.3
5321 27552.8
5322 25714.7
5323 27238.4
5324 26437.4
5325 26817.7
5326 26608.5
5327 26832.5
5328 26935.8
5329 26082.5
5330 26259.9
5331 27074.3
5332 27102
5333 27924.2
5334 27707.1
5335 27414
5336 28054.8
5337 28449.9
5338 27827.3
5339 27880.1
5340 28262
5341 29198
5342 30142.1
5343 29441.9
5344 30307.7
5345 29694
5346 29715.9
5347 24012.7
5348 24094.9
5349 24188.7
5350 24891.4
5351 24464.8
5352 25556
5353 25721.2
5354 25606.8
5355 26518.2
5356 26458.7
5357 27474.6
5358 27841
5359 27717
5360 29070.7
5361 28476.9
5362 28932
5363 29135.1
5364 29001.1
5365 28712.7
5366 28987.2
5367 29469.9
5368 28768
5369 28371.1
5370 28868.6
5371 28222.7
5372 28853.9
5373 25916
5374 28181.9
5375 27834.2
5376 29058.8
5377 27753
5378 28659.8
5379 28725.2
5380 29593.7
5381 29244.5
5382 28877.3
5383 27982
5384 28722.8
5385 28882.3
5386 28085
5387 28375.4
5388 27542.5
5389 27022.8
5390 27835.2
5391 28720.3
5392 27976.1
5393 27209.1
5394 26409.6
5395 26906.5
5396 27096.2
5397 27650.1
5398 27456.4
5399 26666.9
5400 26350.7
5401 27568.9
5402 25496.3
5403 26682.9
5404 26121.4
5405 26688.3
5406 26355.5
5407 26736
5408 26769.4
5409 25998.4
5410 26309.6
5411 27152.9
5412 27265.7
5413 28187.6
5414 28139.7
5415 27910.4
5416 28722.8
5417 28949.5
5418 28486.7
5419 28732.4
5420 28839.3
5421 30216.4
5422 30771.9
5423 30211.6
5424 30367.1
5425 30291.8
5426 30455.7
5427 31056.9
5428 24365.7
5429 24451.8
5430 25351.4
5431 24742.1
5432 26219.5
5433 26461.3
5434 26326.3
5435 27133.1
5436 26788
5437 28044.2
5438 28337.6
5439 28690.8
5440 28959.7
5441 28057
5442 28167.8
5443 28298.8
5444 28230.3
5445 27966.7
5446 28202
5447 28628.9
5448 27853.1
5449 27730.4
5450 28802.4
5451 28308.6
5452 29082.2
5453 26273
5454 28550.2
5455 27914.5
5456 29318.9
5457 27968.2
5458 28519.9
5459 28742.1
5460 29654.6
5461 29508.3
5462 29075.4
5463 28201
5464 28921
5465 29262.5
5466 28500.3
5467 28574.4
5468 27662.6
5469 27593.8
5470 28150
5471 28831.4
5472 28222.8
5473 27528.5
5474 26395
5475 27299
5476 27083.1
5477 27344.3
5478 27109.2
5479 26657.8
5480 26348.6
5481 28086.3
5482 26026.5
5483 26813.7
5484 26242.6
5485 26937.4
5486 26424.2
5487 26988.5
5488 27194.7
5489 26272.9
5490 26076.1
5491 26869.3
5492 27165.7
5493 27946.6
5494 27940.9
5495 27537.5
5496 28326.6
5497 28455.3
5498 28064.8
5499 27916.7
5500 28215.4
5501 29314.4
5502 30011.5
5503 29613.5
5504 30110.5
5505 29781.3
5506 30668.8
5507 31638.1
5508 30683
5509 24308.9
5510 25083.2
5511 24639.5
5512 25631.2
5513 25978.6
5514 25901.9
5515 26987.8
5516 26600.8
5517 27982.1
5518 28351.2
5519 28765.2
5520 28941.8
5521 28212.3
5522 28340.6
5523 28559.9
5524 28214.6
5525 28068.4
5526 28501.1
5527 28999.6
5528 28076.7
5529 27929.7
5530 28439.4
5531 27914.9
5532 28427
5533 25751.6
5534 28135.3
5535 27569.7
5536 28987.3
5537 27649.5
5538 28347.4
5539 28611.7
5540 29355.4
5541 29135.6
5542 28587.6
5543 27995.5
5544 28365.9
5545 28609.3
5546 27808.5
5547 28234.6
5548 27263.9
5549 26855.2
5550 27429.8
5551 28191.6
5552 27467.1
5553 26965.1
5554 26157.2
5555 26914.5
5556 26805.2
5557 27460.3
5558 27252.8
5559 26755.3
5560 26571.4
5561 27864.6
5562 25674.7
5563 26805.6
5564 26182.2
5565 26682
5566 26026.6
5567 26710.7
5568 26822.4
5569 25929.3
5570 25950.5
5571 26685.2
5572 27418.8
5573 28079.2
5574 27915.1
5575 27421.9
5576 28088.8
5577 28260.5
5578 27866.7
5579 28481.4
5580 28525.2
5581 29822
5582 30493.4
5583 30168.9
5584 29916
5585 30001.4
5586 30225.1
5587 31950.2
5588 31177.7
5589 30475.7
5590 25172.1
5591 24637.6
5592 25909.1
5593 26294.6
5594 26126.8
5595 27184.3
5596 26635.1
5597 27744.2
5598 28158
5599 28657.8
5600 28675
5601 27936.4
5602 27649.9
5603 28391.2
5604 28298.6
5605 28239.8
5606 28767.7
5607 28955.5
5608 27621
5609 27735.6
5610 28344.6
5611 27864.8
5612 28198
5613 25652.3
5614 28159.8
5615 27615.2
5616 28829
5617 27431.4
5618 28545.7
5619 28863.7
5620 29411.9
5621 29296.9
5622 28649
5623 27996
5624 28934
5625 29285.1
5626 27933.8
5627 28419.6
5628 27579.2
5629 27255.9
5630 27671.9
5631 28488.5
5632 27942.4
5633 27503.4
5634 26773.5
5635 27800.4
5636 27469.7
5637 28659.8
5638 28134.2
5639 27566.1
5640 27314.9
5641 28609.6
5642 26275.6
5643 27517.6
5644 26930.2
5645 27850.3
5646 27130.4
5647 27784
5648 28193.8
5649 27062.4
5650 26972.1
5651 27553
5652 28341.4
5653 29216.5
5654 28653
5655 28071.3
5656 28765.1
5657 29215.7
5658 28607.4
5659 28320
5660 28592.4
5661 29495.7
5662 30847.7
5663 29877.3
5664 30557.8
5665 30053.1
5666 30833.4
5667 31784.9
5668 31719
5669 31617.6
5670 31755.8
5671 24719.7
5672 26063.1
5673 26309.7
5674 26075.6
5675 27303.8
5676 26870.7
5677 27938.3
5678 28019.1
5679 28393
5680 28471.5
5681 27921.6
5682 27579.8
5683 28197.8
5684 28026.4
5685 27842.1
5686 28141.9
5687 28543.2
5688 27412
5689 27914.6
5690 28532.4
5691 28170.4
5692 28025.7
5693 25173.1
5694 27615.2
5695 27212.1
5696 28240.9
5697 26980.2
5698 28075.7
5699 28438.2
5700 28855.7
5701 28676
5702 28004.1
5703 27340.5
5704 28117.3
5705 28309.8
5706 26997.9
5707 27392.6
5708 26705.4
5709 26309.9
5710 26677.6
5711 27877
5712 27360.6
5713 26732.9
5714 26070
5715 27048.9
5716 26539.1
5717 27749.7
5718 27431.9
5719 26652.6
5720 26531.3
5721 27790.5
5722 25575.1
5723 26896.7
5724 25838.1
5725 26928.6
5726 26243.3
5727 26647.8
5728 26753.8
5729 25704.9
5730 25986.9
5731 26470.1
5732 27217.4
5733 28205.6
5734 27850.4
5735 27507.3
5736 27990.4
5737 29005.2
5738 28543
5739 28315.5
5740 28277.5
5741 29184.1
5742 30361.8
5743 29642.6
5744 30096.2
5745 29787.8
5746 30175.6
5747 31493.8
5748 31156.7
5749 31476.5
5750 31848.3
5751 30500.7
5752 25908.9
5753 26320.2
5754 26363.3
5755 27469.7
5756 27057.6
5757 27925.3
5758 27706
5759 28176.5
5760 28861.5
5761 27991.6
5762 27717.3
5763 28208.1
5764 28015.8
5765 27815.3
5766 27929.1
5767 28501.4
5768 27505.7
5769 28106.1
5770 28818.2
5771 28331.4
5772 27975.1
5773 25435.8
5774 27742.8
5775 27278.1
5776 28223.1
5777 27223.1
5778 28194.7
5779 28737.5
5780 29302.5
5781 29659.7
5782 28909.7
5783 28180.9
5784 29072.5
5785 29022.8
5786 27795.8
5787 27830.4
5788 26944.9
5789 26924.8
5790 27149.4
5791 28060.3
5792 27559
5793 26621.2
5794 26334.5
5795 27275.3
5796 26764.7
5797 28213.1
5798 27761.9
5799 27214
5800 26703.9
5801 28245.8
5802 26065.7
5803 27262.7
5804 26320.1
5805 27652.3
5806 26959
5807 27328.7
5808 27570.3
5809 26390
5810 26587.8
5811 27402.4
5812 27619.4
5813 28913
5814 28326
5815 28088.9
5816 28856.2
5817 29824.8
5818 29445.2
5819 29380.5
5820 28877.8
5821 29676.8
5822 30338.7
5823 29865.6
5824 30172.1
5825 29833.6
5826 30535.2
5827 31401.7
5828 31389.7
5829 31233.3
5830 32191.3
5831 31548.5
5832 32577.9
5833 26351.1
5834 26705.1
5835 27853.8
5836 27347.7
5837 28248.3
5838 28273
5839 28640.4
5840 28717
5841 27832.7
5842 27612
5843 27823
5844 27649.2
5845 27535.4
5846 27600.6
5847 28008.5
5848 27212.1
5849 27745.3
5850 28727.3
5851 28076.5
5852 27761.9
5853 25379.5
5854 27753.7
5855 27199.5
5856 28074.8
5857 27177.8
5858 28099.8
5859 28373.5
5860 28886.5
5861 29367.8
5862 28808.8
5863 28024.7
5864 28729.7
5865 28808.3
5866 27304.4
5867 27225.8
5868 26923.9
5869 26696.7
5870 26844
5871 27793.6
5872 27140.7
5873 26194.6
5874 25831.2
5875 26914.2
5876 26639
5877 28341.4
5878 27772
5879 27073.6
5880 26668.3
5881 28364.2
5882 26018.4
5883 27305.6
5884 26128
5885 27453.6
5886 26698.7
5887 27193.6
5888 27530.1
5889 26218.7
5890 26381.2
5891 27247.5
5892 27464.8
5893 28666.2
5894 27869.7
5895 27690.8
5896 28317.2
5897 29207.8
5898 29059.6
5899 29104.3
5900 28750.6
5901 29669.4
5902 30424.1
5903 29754.1
5904 29911.4
5905 29497.7
5906 30398.1
5907 31357.1
5908 31152.1
5909 31254.3
5910 31834.9
5911 31684.1
5912 32903.2
5913 31703.9
5914 26587.8
5915 27637
5916 27327.8
5917 28121.1
5918 28269.1
5919 28353.2
5920 28533.2
5921 27855.1
5922 27645.6
5923 27845.5
5924 27875
5925 27727.9
5926 27687.7
5927 28156.4
5928 27367.2
5929 27777.6
5930 28806.5
5931 28187.1
5932 27936.4
5933 25654.6
5934 28116.4
5935 27706.9
5936 28838.9
5937 27876.4
5938 28422.8
5939 28715.1
5940 29459.2
5941 29926.2
5942 29204.8
5943 28354.6
5944 28872.8
5945 29001.3
5946 27520.5
5947 27150.3
5948 26681.2
5949 26547
5950 26555.2
5951 27466.6
5952 26766.4
5953 25807.4
5954 25726.9
5955 26864.4
5956 26455.9
5957 27841.6
5958 27588.1
5959 27218.4
5960 26785.8
5961 28427.3
5962 26331.8
5963 27590.1
5964 26538.2
5965 27893.6
5966 27022.3
5967 27367.7
5968 27397.7
5969 26260.8
5970 26270
5971 27328.9
5972 27536.7
5973 28630.2
5974 27705.4
5975 27590.5
5976 28524.3
5977 29194.5
5978 28819.5
5979 28774.4
5980 28756.2
5981 29300.3
5982 30136.1
5983 29652.2
5984 29932.2
5985 29427.8
5986 30314.8
5987 31054.4
5988 30920.1
5989 30952
5990 31505.2
5991 31325.7
5992 32778.3
5993 32931.2
5994 32283.5
5995 27261
5996 26988.2
5997 27672.2
5998 28150.7
5999 28038.4
6000 29484.2
6001 28600
6002 28391.9
6003 28482.2
6004 28470.1
6005 28047.9
6006 28392.8
6007 28763
6008 28272.9
6009 28968.8
6010 29603.2
6011 28982
6012 28618.5
6013 26133.2
6014 28848.7
6015 28548.1
6016 29511.5
6017 28433.7
6018 29040
6019 29286.6
6020 30222.3
6021 30659.7
6022 29793.2
6023 28889.5
6024 29314.4
6025 29623.9
6026 28590.7
6027 27938.4
6028 27019.9
6029 26902.8
6030 27274.3
6031 28062.6
6032 27703.5
6033 26630.9
6034 26824.8
6035 27749.1
6036 27274.8
6037 29085.5
6038 28726.7
6039 28641.6
6040 27771
6041 29352.9
6042 27049.5
6043 28389.3
6044 27355.3
6045 28594.3
6046 27807.4
6047 27848.1
6048 27636.5
6049 26806.6
6050 26958.3
6051 28128.8
6052 28099
6053 29303.2
6054 28778.8
6055 28942.9
6056 29550.5
6057 30458.4
6058 30485
6059 30468.5
6060 30100.4
6061 30674.2
6062 31285.6
6063 30826.3
6064 30563.2
6065 29838.8
6066 30437.4
6067 31271.7
6068 31106.4
6069 31467.9
6070 32044.5
6071 31871.3
6072 33262.8
6073 33829.5
6074 33522.3
6075 33048.5
6076 27478.2
6077 28321.5
6078 28891.6
6079 29011
6080 27953.2
6081 27271.6
6082 27307.6
6083 27472.3
6084 27669.4
6085 27569.1
6086 27557.9
6087 27719.3
6088 27648.3
6089 28422.1
6090 28994.1
6091 28426
6092 28111
6093 25661.2
6094 28451.9
6095 27869.6
6096 29025.3
6097 27970.2
6098 28839.2
6099 28865.9
6100 29442.9
6101 29860.8
6102 29421.2
6103 28469.9
6104 28994.1
6105 28703.9
6106 27602.3
6107 27183.7
6108 26704.7
6109 26276.8
6110 26648
6111 27271.3
6112 26183.8
6113 25266.9
6114 25529.3
6115 26535.8
6116 26077.8
6117 27882.5
6118 27321
6119 26716.2
6120 25924.6
6121 27508.7
6122 25431.6
6123 26434.1
6124 25730.8
6125 26575.8
6126 26043.5
6127 26334.2
6128 26363.4
6129 25501.1
6130 25511.1
6131 26402.4
6132 26584.1
6133 27792.9
6134 27272.4
6135 27002.5
6136 27863.6
6137 28476.2
6138 28312.9
6139 28371.6
6140 28363.6
6141 29150.8
6142 29576.2
6143 28885.2
6144 29278.5
6145 28815.4
6146 29130.3
6147 29658.4
6148 29269
6149 29662
6150 30621.4
6151 30477.9
6152 31695.5
6153 31855.6
6154 32203.2
6155 32962.1
6156 31798
6157 26673.9
6158 27241.5
6159 27224.8
6160 28163.3
6161 27571.9
6162 27341.1
6163 27488.1
6164 27249.3
6165 26970.6
6166 27157.7
6167 27515.8
6168 27284.5
6169 28141.4
6170 28846.1
6171 28346.4
6172 28459.3
6173 25979.2
6174 28736.2
6175 28111.5
6176 29302.8
6177 28591.4
6178 29259.6
6179 29325.8
6180 30427
6181 30869.1
6182 30581
6183 29323
6184 30269.2
6185 29723.7
6186 28636
6187 27946.1
6188 28003.3
6189 27294.9
6190 27863.6
6191 28291.7
6192 26917.7
6193 26215.3
6194 26336.6
6195 27409.3
6196 27316.8
6197 29160.1
6198 28762
6199 28117.9
6200 27377.5
6201 28933.8
6202 26885.7
6203 27656.2
6204 26845
6205 27471
6206 26630.6
6207 26775.2
6208 26992.6
6209 25808.8
6210 25856.8
6211 26459.9
6212 26671.3
6213 27712.8
6214 27463.7
6215 27044.3
6216 27838.2
6217 28175.1
6218 27797.7
6219 27833.5
6220 28109.1
6221 28666.9
6222 29193.1
6223 28190
6224 28488.4
6225 28027.2
6226 28530.9
6227 29245.5
6228 28941.9
6229 29160.6
6230 30325.9
6231 30059.6
6232 31816.6
6233 32022.1
6234 32125.1
6235 33245.7
6236 32832
6237 32875.3
6238 27281.4
6239 27430.1
6240 27819.6
6241 27219.9
6242 27120.3
6243 27492.1
6244 27579.8
6245 27337.8
6246 27722.4
6247 28144.2
6248 28106.7
6249 28827.8
6250 29663.7
6251 29207.6
6252 29202.9
6253 26498.4
6254 29411.8
6255 29252.4
6256 30214.9
6257 29405.2
6258 30068.4
6259 30406.5
6260 31428.6
6261 31694.2
6262 31283.7
6263 30071.9
6264 30878.6
6265 30442.5
6266 29021.4
6267 28173.2
6268 28220.1
6269 27635.9
6270 28056.8
6271 28482
6272 27390.6
6273 26960.1
6274 26782.5
6275 27793.5
6276 27192.4
6277 29041.2
6278 28648.6
6279 28035.4
6280 27389.7
6281 29119.6
6282 27325.2
6283 28213.8
6284 27482
6285 28277.1
6286 27380.7
6287 27533.6
6288 27770.8
6289 26390.8
6290 26014.1
6291 26878.2
6292 27050.8
6293 28423.8
6294 28406.8
6295 27670.2
6296 28806.4
6297 29083.6
6298 28636.2
6299 28888.1
6300 28797.4
6301 29309
6302 29167.8
6303 28672
6304 28771
6305 28514.1
6306 28953.5
6307 29660.4
6308 29346.6
6309 29506.8
6310 30712.8
6311 30267.5
6312 32027
6313 31933.9
6314 32360.3
6315 32879.4
6316 32962.2
6317 33774.1
6318 33372.2
6319 27044.6
6320 28493.2
6321 28065.1
6322 27843.7
6323 28348.4
6324 28112.5
6325 27883.1
6326 28256.6
6327 28843.7
6328 28830
6329 29666.9
6330 30532.4
6331 29793
6332 30062.3
6333 27400.9
6334 30219.9
6335 29932.1
6336 30715
6337 29802.7
6338 30910.8
6339 31200.1
6340 32305.6
6341 32641.3
6342 31981.1
6343 30761.6
6344 31492.7
6345 30879.8
6346 29756.7
6347 29088.7
6348 28764.6
6349 27973.5
6350 28441.3
6351 29211.7
6352 27907.2
6353 27461
6354 27561.3
6355 28145.9
6356 27811.8
6357 29605.7
6358 29170.2
6359 28108
6360 27956.8
6361 29422.4
6362 27582
6363 28252.4
6364 27117.4
6365 28142
6366 27395.3
6367 27895.6
6368 28017.2
6369 26802.8
6370 26928.2
6371 27660.6
6372 27765.9
6373 28890.2
6374 28911.6
6375 28023.1
6376 28943.7
6377 29292.6
6378 28969.1
6379 29728.3
6380 29630.5
6381 30468.5
6382 30651.7
6383 29640.5
6384 29842.6
6385 29212.6
6386 29600.3
6387 30495.9
6388 30379.6
6389 30181.8
6390 31546.1
6391 30984.8
6392 32819.4
6393 32634.5
6394 32396.7
6395 33471.7
6396 33198.6
6397 34600.7
6398 34966
6399 33202.9
