0 62418
1 62333
2 62299
3 62206
4 62150
5 62136
6 62091
7 62074
8 61989
9 62051
10 62029
11 62082
12 62104
13 62105
14 62052
15 62070
16 62017
17 62094
18 62068
19 62001
20 61994
21 62001
22 62036
23 61937
24 61846
25 61811
26 61921
27 61978
28 61860
29 61918
30 61922
31 61946
32 61938
33 61830
34 61799
35 61741
36 61846
37 61796
38 61845
39 61844
40 61848
41 61719
42 61750
43 61646
44 61795
45 61856
46 61914
47 61859
48 61874
49 61938
50 61930
51 61882
52 61917
53 61826
54 61817
55 61871
56 61929
57 61912
58 61874
59 61845
60 61847
61 61907
62 61897
63 61939
64 61928
65 61961
66 62007
67 61970
68 61946
69 62004
70 62005
71 62002
72 62058
73 62094
74 62125
75 62157
76 62195
77 62243
78 62295
79 62349
80 62533
81 62600
82 62556
83 62463
84 62397
85 62376
86 62325
87 62296
88 62221
89 62218
90 62160
91 62243
92 62271
93 62252
94 62206
95 62247
96 62193
97 62264
98 62238
99 62124
100 62165
101 62202
102 62237
103 62135
104 62031
105 61999
106 62068
107 62126
108 61976
109 62056
110 62104
111 62104
112 62093
113 61971
114 61988
115 61944
116 62020
117 62005
118 62112
119 62087
120 62106
121 61929
122 61941
123 61845
124 61947
125 62001
126 62071
127 62012
128 62021
129 62075
130 62091
131 62056
132 62109
133 62012
134 61979
135 62011
136 62074
137 62052
138 62002
139 61963
140 62005
141 62082
142 62044
143 62069
144 62131
145 62138
146 62184
147 62175
148 62161
149 62198
150 62190
151 62173
152 62232
153 62264
154 62288
155 62328
156 62350
157 62385
158 62433
159 62481
160 62427
161 62478
162 62544
163 62459
164 62402
165 62375
166 62302
167 62268
168 62169
169 62164
170 62115
171 62201
172 62228
173 62232
174 62209
175 62241
176 62202
177 62257
178 62236
179 62110
180 62127
181 62157
182 62191
183 62080
184 62047
185 61994
186 62061
187 62071
188 61932
189 61994
190 62038
191 62046
192 62018
193 61954
194 61969
195 61936
196 62009
197 61977
198 62086
199 62036
200 62056
201 61865
202 61861
203 61773
204 61882
205 61939
206 62014
207 61968
208 61995
209 62040
210 62057
211 62033
212 62081
213 61995
214 61986
215 62004
216 62058
217 62007
218 61988
219 61912
220 61956
221 62032
222 62014
223 62040
224 62064
225 62083
226 62124
227 62100
228 62089
229 62118
230 62113
231 62093
232 62157
233 62189
234 62214
235 62250
236 62267
237 62297
238 62342
239 62384
240 62198
241 62246
242 62301
243 62376
244 62301
245 62274
246 62186
247 62148
248 62044
249 62032
250 62003
251 62051
252 62021
253 62019
254 62023
255 62034
256 61970
257 62046
258 62033
259 61914
260 61969
261 61969
262 61992
263 61921
264 61921
265 61856
266 61887
267 61898
268 61719
269 61802
270 61816
271 61832
272 61838
273 61774
274 61777
275 61743
276 61833
277 61808
278 61908
279 61870
280 61851
281 61655
282 61649
283 61512
284 61659
285 61761
286 61849
287 61824
288 61811
289 61826
290 61876
291 61817
292 61901
293 61837
294 61829
295 61819
296 61876
297 61764
298 61775
299 61746
300 61794
301 61829
302 61823
303 61835
304 61846
305 61878
306 61930
307 61924
308 61869
309 61890
310 61891
311 61880
312 61931
313 61961
314 61986
315 62029
316 62061
317 62082
318 62122
319 62159
320 61890
321 61955
322 62005
323 62064
324 62137
325 62090
326 61991
327 61963
328 61867
329 61836
330 61790
331 61841
332 61783
333 61788
334 61797
335 61789
336 61759
337 61821
338 61806
339 61701
340 61745
341 61725
342 61735
343 61705
344 61709
345 61642
346 61693
347 61691
348 61528
349 61547
350 61562
351 61586
352 61569
353 61494
354 61543
355 61507
356 61593
357 61574
358 61659
359 61654
360 61587
361 61390
362 61399
363 61312
364 61460
365 61535
366 61597
367 61574
368 61533
369 61588
370 61646
371 61523
372 61661
373 61580
374 61582
375 61623
376 61696
377 61535
378 61528
379 61467
380 61565
381 61592
382 61567
383 61559
384 61579
385 61614
386 61666
387 61679
388 61640
389 61665
390 61637
391 61634
392 61702
393 61732
394 61728
395 61736
396 61753
397 61801
398 61827
399 61859
400 62236
401 62298
402 62343
403 62395
404 62453
405 62520
406 62405
407 62368
408 62258
409 62227
410 62171
411 62232
412 62168
413 62169
414 62185
415 62171
416 62133
417 62207
418 62182
419 62068
420 62135
421 62130
422 62147
423 62121
424 62083
425 61999
426 62030
427 62046
428 61895
429 61905
430 61934
431 61952
432 61946
433 61860
434 61890
435 61847
436 61948
437 61972
438 61984
439 62010
440 61986
441 61747
442 61798
443 61785
444 61822
445 61886
446 61934
447 61898
448 61835
449 61926
450 61977
451 61882
452 61990
453 61918
454 61931
455 61984
456 62064
457 61897
458 61886
459 61808
460 61933
461 61923
462 61899
463 61892
464 61951
465 61964
466 62018
467 62024
468 61987
469 62009
470 61970
471 61965
472 62023
473 62082
474 62102
475 62108
476 62127
477 62167
478 62172
479 62211
480 62313
481 62378
482 62410
483 62455
484 62506
485 62559
486 62622
487 62576
488 62449
489 62413
490 62346
491 62405
492 62328
493 62317
494 62348
495 62330
496 62286
497 62371
498 62349
499 62226
500 62248
501 62257
502 62281
503 62251
504 62188
505 62088
506 62118
507 62126
508 62005
509 62064
510 62088
511 62149
512 62144
513 62021
514 62063
515 62003
516 62086
517 62098
518 62103
519 62118
520 62114
521 61914
522 61953
523 61985
524 62009
525 61980
526 62066
527 62061
528 61978
529 62053
530 62102
531 61986
532 62108
533 62035
534 62026
535 62082
536 62169
537 62027
538 62024
539 61975
540 62100
541 62101
542 62073
543 62072
544 62103
545 62084
546 62140
547 62107
548 62081
549 62085
550 62061
551 62071
552 62118
553 62174
554 62180
555 62199
556 62229
557 62287
558 62284
559 62300
560 62109
561 62165
562 62184
563 62222
564 62279
565 62336
566 62387
567 62463
568 62312
569 62272
570 62156
571 62217
572 62139
573 62119
574 62141
575 62117
576 62101
577 62219
578 62196
579 62096
580 62102
581 62102
582 62127
583 62099
584 62074
585 61952
586 61980
587 61943
588 61809
589 61831
590 61886
591 61924
592 61921
593 61886
594 61944
595 61865
596 61889
597 61906
598 61911
599 61912
600 61903
601 61815
602 61781
603 61791
604 61838
605 61810
606 61879
607 61886
608 61809
609 61842
610 61908
611 61797
612 61894
613 61851
614 61836
615 61902
616 61967
617 61862
618 61808
619 61787
620 61864
621 61905
622 61832
623 61847
624 61875
625 61879
626 61945
627 61887
628 61860
629 61859
630 61827
631 61859
632 61898
633 61957
634 61971
635 61994
636 61986
637 62080
638 62080
639 62091
640 62179
641 62210
642 62231
643 62267
644 62304
645 62352
646 62397
647 62448
648 62515
649 62466
650 62327
651 62325
652 62239
653 62209
654 62239
655 62199
656 62180
657 62280
658 62234
659 62133
660 62170
661 62158
662 62123
663 62183
664 62175
665 62087
666 62153
667 62150
668 61961
669 62005
670 62060
671 62084
672 62104
673 61998
674 61982
675 61883
676 61974
677 61976
678 61991
679 62004
680 61996
681 61905
682 61957
683 61940
684 61971
685 61986
686 61970
687 61965
688 61887
689 61883
690 61937
691 61837
692 61945
693 61969
694 61966
695 62027
696 62040
697 61915
698 61832
699 61920
700 61906
701 61894
702 61863
703 61862
704 61922
705 61944
706 61986
707 61953
708 61947
709 61943
710 61901
711 61941
712 61959
713 61996
714 62011
715 62098
716 62082
717 62160
718 62145
719 62159
720 61982
721 62010
722 62021
723 62052
724 62086
725 62131
726 62164
727 62202
728 62252
729 62327
730 62185
731 62177
732 62087
733 62059
734 62085
735 62033
736 62013
737 62076
738 62056
739 61965
740 61988
741 61993
742 61983
743 62007
744 61971
745 61873
746 61939
747 61913
748 61758
749 61802
750 61832
751 61864
752 61872
753 61817
754 61798
755 61726
756 61778
757 61783
758 61770
759 61796
760 61814
761 61710
762 61734
763 61738
764 61747
765 61751
766 61775
767 61741
768 61672
769 61723
770 61776
771 61636
772 61739
773 61733
774 61762
775 61794
776 61808
777 61708
778 61700
779 61771
780 61764
781 61762
782 61748
783 61769
784 61797
785 61764
786 61787
787 61739
788 61717
789 61722
790 61715
791 61750
792 61788
793 61815
794 61822
795 61871
796 61863
797 61939
798 61945
799 61960
800 61942
801 61978
802 61987
803 62015
804 62031
805 62078
806 62104
807 62138
808 62186
809 62236
810 62301
811 62288
812 62190
813 62161
814 62212
815 62149
816 62112
817 62188
818 62181
819 62095
820 62087
821 62075
822 62060
823 62056
824 62008
825 61910
826 61955
827 61957
828 61784
829 61801
830 61819
831 61852
832 61885
833 61839
834 61830
835 61749
836 61853
837 61883
838 61867
839 61828
840 61820
841 61761
842 61750
843 61764
844 61799
845 61831
846 61842
847 61769
848 61716
849 61783
850 61830
851 61710
852 61884
853 61833
854 61799
855 61858
856 61850
857 61682
858 61732
859 61786
860 61783
861 61778
862 61748
863 61708
864 61694
865 61761
866 61741
867 61703
868 61647
869 61692
870 61678
871 61738
872 61780
873 61823
874 61835
875 61859
876 61854
877 61914
878 61883
879 61907
880 62133
881 62169
882 62182
883 62192
884 62190
885 62237
886 62259
887 62287
888 62331
889 62378
890 62429
891 62505
892 62404
893 62362
894 62410
895 62348
896 62308
897 62381
898 62339
899 62281
900 62317
901 62286
902 62262
903 62260
904 62206
905 62138
906 62213
907 62223
908 61998
909 62042
910 62075
911 62058
912 62130
913 62005
914 61994
915 61900
916 61991
917 62038
918 62016
919 61983
920 61986
921 61889
922 61910
923 61902
924 61950
925 62000
926 61989
927 61932
928 61866
929 61934
930 62007
931 61798
932 62094
933 61988
934 61953
935 62045
936 62041
937 61896
938 61946
939 61976
940 61967
941 61937
942 61928
943 61930
944 61920
945 61947
946 61921
947 61901
948 61826
949 61868
950 61875
951 61914
952 61951
953 61997
954 61991
955 62022
956 62034
957 62053
958 62073
959 62096
960 61921
961 61973
962 61976
963 61985
964 61978
965 62028
966 62042
967 62063
968 62103
969 62142
970 62189
971 62244
972 62313
973 62241
974 62234
975 62206
976 62169
977 62203
978 62160
979 62133
980 62143
981 62110
982 62107
983 62091
984 62074
985 62034
986 62055
987 62067
988 61845
989 61851
990 61886
991 61891
992 61943
993 61831
994 61804
995 61737
996 61815
997 61827
998 61819
999 61807
1000 61768
1001 61712
1002 61805
1003 61768
1004 61777
1005 61798
1006 61766
1007 61762
1008 61736
1009 61724
1010 61802
1011 61637
1012 61892
1013 61852
1014 61807
1015 61843
1016 61843
1017 61705
1018 61737
1019 61826
1020 61799
1021 61805
1022 61813
1023 61792
1024 61765
1025 61773
1026 61724
1027 61703
1028 61613
1029 61676
1030 61644
1031 61704
1032 61748
1033 61779
1034 61770
1035 61815
1036 61833
1037 61853
1038 61891
1039 61889
1040 62253
1041 62302
1042 62301
1043 62324
1044 62305
1045 62355
1046 62369
1047 62387
1048 62412
1049 62442
1050 62491
1051 62542
1052 62597
1053 62666
1054 62611
1055 62604
1056 62582
1057 62573
1058 62530
1059 62512
1060 62512
1061 62502
1062 62506
1063 62441
1064 62369
1065 62330
1066 62388
1067 62339
1068 62105
1069 62150
1070 62124
1071 62141
1072 62199
1073 62113
1074 62107
1075 62055
1076 62163
1077 62136
1078 62201
1079 62160
1080 62081
1081 62126
1082 62176
1083 62133
1084 62165
1085 62211
1086 62156
1087 62113
1088 62191
1089 62183
1090 62222
1091 62064
1092 62242
1093 62196
1094 62185
1095 62161
1096 62160
1097 62015
1098 62127
1099 62187
1100 62116
1101 62120
1102 62114
1103 62108
1104 62065
1105 62095
1106 62052
1107 62011
1108 61888
1109 61946
1110 61950
1111 62027
1112 62079
1113 62095
1114 62069
1115 62139
1116 62180
1117 62217
1118 62255
1119 62240
1120 62360
1121 62410
1122 62418
1123 62468
1124 62455
1125 62505
1126 62490
1127 62504
1128 62531
1129 62544
1130 62586
1131 62626
1132 62671
1133 62721
1134 62780
1135 62773
1136 62750
1137 62731
1138 62681
1139 62675
1140 62653
1141 62652
1142 62661
1143 62570
1144 62507
1145 62524
1146 62569
1147 62514
1148 62309
1149 62357
1150 62325
1151 62296
1152 62355
1153 62296
1154 62272
1155 62211
1156 62303
1157 62229
1158 62338
1159 62322
1160 62264
1161 62233
1162 62215
1163 62255
1164 62269
1165 62260
1166 62261
1167 62132
1168 62244
1169 62277
1170 62300
1171 62150
1172 62372
1173 62295
1174 62264
1175 62236
1176 62246
1177 62059
1178 62194
1179 62302
1180 62255
1181 62252
1182 62233
1183 62246
1184 62225
1185 62294
1186 62314
1187 62242
1188 62129
1189 62128
1190 62139
1191 62219
1192 62209
1193 62225
1194 62211
1195 62244
1196 62306
1197 62352
1198 62368
1199 62355
1200 62384
1201 62421
1202 62428
1203 62469
1204 62460
1205 62531
1206 62533
1207 62531
1208 62559
1209 62579
1210 62615
1211 62652
1212 62699
1213 62741
1214 62792
1215 62855
1216 62830
1217 62805
1218 62764
1219 62753
1220 62719
1221 62720
1222 62731
1223 62646
1224 62573
1225 62578
1226 62600
1227 62567
1228 62356
1229 62427
1230 62384
1231 62336
1232 62383
1233 62320
1234 62308
1235 62232
1236 62334
1237 62285
1238 62347
1239 62333
1240 62280
1241 62223
1242 62189
1243 62247
1244 62260
1245 62254
1246 62275
1247 62128
1248 62264
1249 62276
1250 62316
1251 62152
1252 62407
1253 62308
1254 62274
1255 62252
1256 62274
1257 62103
1258 62221
1259 62320
1260 62312
1261 62289
1262 62239
1263 62261
1264 62256
1265 62316
1266 62335
1267 62276
1268 62148
1269 62134
1270 62114
1271 62186
1272 62193
1273 62236
1274 62236
1275 62253
1276 62325
1277 62381
1278 62369
1279 62371
1280 62220
1281 62276
1282 62304
1283 62337
1284 62317
1285 62393
1286 62398
1287 62409
1288 62429
1289 62426
1290 62459
1291 62511
1292 62541
1293 62569
1294 62615
1295 62669
1296 62733
1297 62698
1298 62650
1299 62642
1300 62602
1301 62597
1302 62609
1303 62548
1304 62497
1305 62488
1306 62480
1307 62449
1308 62196
1309 62267
1310 62220
1311 62160
1312 62227
1313 62146
1314 62143
1315 62071
1316 62162
1317 62173
1318 62235
1319 62142
1320 62068
1321 62085
1322 62044
1323 62022
1324 62118
1325 62057
1326 62116
1327 61964
1328 62107
1329 62130
1330 62154
1331 62039
1332 62257
1333 62173
1334 62116
1335 62079
1336 62138
1337 61976
1338 62105
1339 62167
1340 62154
1341 62165
1342 62088
1343 62078
1344 62070
1345 62157
1346 62174
1347 62117
1348 62044
1349 62034
1350 61997
1351 62032
1352 62051
1353 62086
1354 62072
1355 62077
1356 62154
1357 62200
1358 62195
1359 62210
1360 62576
1361 62602
1362 62622
1363 62654
1364 62638
1365 62711
1366 62679
1367 62682
1368 62723
1369 62713
1370 62767
1371 62802
1372 62842
1373 62874
1374 62909
1375 62954
1376 63001
1377 63056
1378 63005
1379 62996
1380 62947
1381 62953
1382 62957
1383 62888
1384 62852
1385 62854
1386 62853
1387 62816
1388 62618
1389 62684
1390 62647
1391 62589
1392 62652
1393 62553
1394 62539
1395 62504
1396 62622
1397 62616
1398 62649
1399 62589
1400 62578
1401 62482
1402 62486
1403 62473
1404 62475
1405 62458
1406 62471
1407 62432
1408 62519
1409 62556
1410 62563
1411 62466
1412 62617
1413 62576
1414 62529
1415 62527
1416 62587
1417 62424
1418 62523
1419 62565
1420 62556
1421 62579
1422 62515
1423 62545
1424 62529
1425 62600
1426 62611
1427 62566
1428 62421
1429 62410
1430 62375
1431 62416
1432 62464
1433 62481
1434 62461
1435 62489
1436 62508
1437 62526
1438 62513
1439 62516
1440 62295
1441 62322
1442 62334
1443 62315
1444 62251
1445 62344
1446 62350
1447 62344
1448 62415
1449 62381
1450 62450
1451 62495
1452 62530
1453 62552
1454 62596
1455 62633
1456 62674
1457 62720
1458 62782
1459 62769
1460 62717
1461 62715
1462 62717
1463 62673
1464 62623
1465 62603
1466 62594
1467 62562
1468 62345
1469 62347
1470 62324
1471 62331
1472 62344
1473 62281
1474 62250
1475 62220
1476 62317
1477 62313
1478 62303
1479 62258
1480 62254
1481 62156
1482 62200
1483 62257
1484 62275
1485 62282
1486 62233
1487 62225
1488 62306
1489 62312
1490 62329
1491 62173
1492 62306
1493 62276
1494 62235
1495 62276
1496 62370
1497 62155
1498 62252
1499 62267
1500 62262
1501 62282
1502 62176
1503 62243
1504 62210
1505 62308
1506 62289
1507 62239
1508 62163
1509 62145
1510 62086
1511 62135
1512 62183
1513 62216
1514 62212
1515 62225
1516 62250
1517 62289
1518 62268
1519 62227
1520 62049
1521 62066
1522 62081
1523 62075
1524 62020
1525 62107
1526 62119
1527 62118
1528 62205
1529 62184
1530 62232
1531 62276
1532 62318
1533 62339
1534 62397
1535 62434
1536 62462
1537 62507
1538 62553
1539 62614
1540 62554
1541 62547
1542 62554
1543 62503
1544 62446
1545 62433
1546 62414
1547 62383
1548 62180
1549 62181
1550 62080
1551 62082
1552 62142
1553 62091
1554 62060
1555 62014
1556 62090
1557 62121
1558 62084
1559 62072
1560 62049
1561 62007
1562 62044
1563 62055
1564 62129
1565 62113
1566 62065
1567 62050
1568 62148
1569 62150
1570 62154
1571 62011
1572 62150
1573 62105
1574 62055
1575 62095
1576 62181
1577 62034
1578 62085
1579 62079
1580 62066
1581 62074
1582 61952
1583 62054
1584 61993
1585 62117
1586 62115
1587 62056
1588 62015
1589 61981
1590 61916
1591 61969
1592 62031
1593 62062
1594 62052
1595 62044
1596 62063
1597 62111
1598 62065
1599 62023
1600 61978
1601 61992
1602 62005
1603 61979
1604 61922
1605 62003
1606 62002
1607 62037
1608 62144
1609 62123
1610 62175
1611 62212
1612 62234
1613 62280
1614 62334
1615 62359
1616 62381
1617 62423
1618 62456
1619 62498
1620 62552
1621 62542
1622 62538
1623 62454
1624 62410
1625 62387
1626 62374
1627 62350
1628 62091
1629 62096
1630 62013
1631 62013
1632 62032
1633 62004
1634 61982
1635 61910
1636 61983
1637 62003
1638 62006
1639 61986
1640 61952
1641 61968
1642 61999
1643 61953
1644 62044
1645 62003
1646 61944
1647 61937
1648 62019
1649 62023
1650 62056
1651 61880
1652 62026
1653 61981
1654 61977
1655 62053
1656 62137
1657 62006
1658 62030
1659 62016
1660 62010
1661 61991
1662 61863
1663 61951
1664 61932
1665 62051
1666 62038
1667 61983
1668 61918
1669 61907
1670 61854
1671 61903
1672 61952
1673 61986
1674 61946
1675 61907
1676 61978
1677 62001
1678 61973
1679 61951
1680 62062
1681 62074
1682 62101
1683 62106
1684 62069
1685 62202
1686 62190
1687 62221
1688 62284
1689 62271
1690 62304
1691 62350
1692 62345
1693 62380
1694 62442
1695 62462
1696 62479
1697 62512
1698 62543
1699 62580
1700 62620
1701 62683
1702 62674
1703 62599
1704 62553
1705 62542
1706 62528
1707 62505
1708 62251
1709 62249
1710 62172
1711 62169
1712 62186
1713 62154
1714 62136
1715 62052
1716 62116
1717 62135
1718 62173
1719 62117
1720 62119
1721 62114
1722 62139
1723 62077
1724 62179
1725 62097
1726 62020
1727 62095
1728 62140
1729 62151
1730 62177
1731 62077
1732 62144
1733 62105
1734 62084
1735 62182
1736 62260
1737 62142
1738 62178
1739 62165
1740 62159
1741 62123
1742 61961
1743 62041
1744 62018
1745 62153
1746 62123
1747 62107
1748 62036
1749 62029
1750 61995
1751 62067
1752 62108
1753 62131
1754 62082
1755 62083
1756 62149
1757 62171
1758 62152
1759 62065
1760 62254
1761 62278
1762 62296
1763 62309
1764 62292
1765 62407
1766 62409
1767 62429
1768 62485
1769 62474
1770 62488
1771 62518
1772 62515
1773 62534
1774 62625
1775 62645
1776 62654
1777 62683
1778 62713
1779 62744
1780 62780
1781 62830
1782 62892
1783 62813
1784 62754
1785 62747
1786 62707
1787 62685
1788 62464
1789 62470
1790 62405
1791 62397
1792 62398
1793 62367
1794 62350
1795 62272
1796 62349
1797 62381
1798 62415
1799 62365
1800 62381
1801 62382
1802 62400
1803 62378
1804 62415
1805 62335
1806 62256
1807 62319
1808 62369
1809 62359
1810 62377
1811 62312
1812 62332
1813 62312
1814 62288
1815 62401
1816 62460
1817 62310
1818 62344
1819 62358
1820 62342
1821 62306
1822 62149
1823 62234
1824 62187
1825 62331
1826 62310
1827 62314
1828 62248
1829 62230
1830 62230
1831 62327
1832 62357
1833 62375
1834 62328
1835 62314
1836 62366
1837 62379
1838 62362
1839 62258
1840 62193
1841 62220
1842 62227
1843 62206
1844 62193
1845 62296
1846 62363
1847 62397
1848 62422
1849 62400
1850 62399
1851 62432
1852 62434
1853 62457
1854 62533
1855 62549
1856 62561
1857 62588
1858 62605
1859 62626
1860 62656
1861 62695
1862 62743
1863 62803
1864 62727
1865 62716
1866 62659
1867 62629
1868 62385
1869 62392
1870 62320
1871 62309
1872 62296
1873 62278
1874 62283
1875 62205
1876 62277
1877 62320
1878 62360
1879 62324
1880 62343
1881 62382
1882 62377
1883 62365
1884 62391
1885 62326
1886 62263
1887 62234
1888 62275
1889 62278
1890 62285
1891 62171
1892 62275
1893 62248
1894 62242
1895 62337
1896 62399
1897 62268
1898 62286
1899 62292
1900 62251
1901 62246
1902 62105
1903 62202
1904 62149
1905 62287
1906 62277
1907 62320
1908 62219
1909 62180
1910 62203
1911 62259
1912 62331
1913 62354
1914 62311
1915 62295
1916 62312
1917 62291
1918 62266
1919 62164
1920 62056
1921 62076
1922 62078
1923 62047
1924 62015
1925 62126
1926 62196
1927 62243
1928 62287
1929 62240
1930 62231
1931 62272
1932 62262
1933 62296
1934 62356
1935 62370
1936 62376
1937 62400
1938 62409
1939 62437
1940 62493
1941 62528
1942 62576
1943 62628
1944 62698
1945 62670
1946 62614
1947 62583
1948 62330
1949 62330
1950 62241
1951 62228
1952 62152
1953 62139
1954 62140
1955 62031
1956 62102
1957 62149
1958 62217
1959 62201
1960 62229
1961 62262
1962 62257
1963 62203
1964 62237
1965 62162
1966 62122
1967 62094
1968 62149
1969 62146
1970 62156
1971 62099
1972 62182
1973 62160
1974 62150
1975 62207
1976 62240
1977 62141
1978 62133
1979 62187
1980 62152
1981 62119
1982 62020
1983 62077
1984 62031
1985 62124
1986 62116
1987 62129
1988 62127
1989 62106
1990 62118
1991 62132
1992 62190
1993 62213
1994 62171
1995 62144
1996 62121
1997 62098
1998 62088
1999 61973
2000 62106
2001 62110
2002 62112
2003 62099
2004 62087
2005 62149
2006 62315
2007 62331
2008 62364
2009 62327
2010 62355
2011 62380
2012 62338
2013 62380
2014 62433
2015 62444
2016 62441
2017 62458
2018 62484
2019 62501
2020 62567
2021 62596
2022 62637
2023 62684
2024 62736
2025 62809
2026 62725
2027 62681
2028 62446
2029 62429
2030 62354
2031 62342
2032 62264
2033 62246
2034 62247
2035 62161
2036 62229
2037 62280
2038 62375
2039 62387
2040 62367
2041 62354
2042 62390
2043 62348
2044 62361
2045 62326
2046 62261
2047 62233
2048 62296
2049 62321
2050 62281
2051 62230
2052 62265
2053 62239
2054 62240
2055 62297
2056 62347
2057 62243
2058 62212
2059 62305
2060 62277
2061 62245
2062 62129
2063 62204
2064 62186
2065 62267
2066 62256
2067 62259
2068 62218
2069 62213
2070 62235
2071 62243
2072 62284
2073 62300
2074 62259
2075 62236
2076 62252
2077 62212
2078 62174
2079 62033
2080 62331
2081 62337
2082 62363
2083 62350
2084 62357
2085 62453
2086 62604
2087 62605
2088 62650
2089 62609
2090 62629
2091 62672
2092 62653
2093 62675
2094 62694
2095 62710
2096 62713
2097 62725
2098 62743
2099 62773
2100 62841
2101 62863
2102 62893
2103 62934
2104 62973
2105 63024
2106 63085
2107 63031
2108 62762
2109 62733
2110 62664
2111 62650
2112 62573
2113 62536
2114 62510
2115 62412
2116 62504
2117 62528
2118 62634
2119 62637
2120 62622
2121 62605
2122 62637
2123 62606
2124 62638
2125 62593
2126 62544
2127 62523
2128 62575
2129 62597
2130 62554
2131 62459
2132 62481
2133 62450
2134 62491
2135 62574
2136 62604
2137 62465
2138 62457
2139 62538
2140 62533
2141 62484
2142 62409
2143 62518
2144 62477
2145 62579
2146 62553
2147 62551
2148 62515
2149 62519
2150 62542
2151 62550
2152 62598
2153 62589
2154 62553
2155 62504
2156 62515
2157 62454
2158 62409
2159 62259
2160 62182
2161 62192
2162 62220
2163 62205
2164 62203
2165 62318
2166 62451
2167 62397
2168 62465
2169 62388
2170 62419
2171 62450
2172 62401
2173 62413
2174 62396
2175 62458
2176 62488
2177 62503
2178 62499
2179 62525
2180 62592
2181 62616
2182 62649
2183 62685
2184 62714
2185 62757
2186 62802
2187 62869
2188 62610
2189 62575
2190 62501
2191 62474
2192 62406
2193 62347
2194 62323
2195 62238
2196 62328
2197 62363
2198 62470
2199 62480
2200 62450
2201 62450
2202 62453
2203 62452
2204 62477
2205 62503
2206 62428
2207 62373
2208 62442
2209 62435
2210 62366
2211 62297
2212 62354
2213 62318
2214 62357
2215 62372
2216 62410
2217 62255
2218 62240
2219 62326
2220 62335
2221 62296
2222 62169
2223 62290
2224 62272
2225 62445
2226 62366
2227 62351
2228 62377
2229 62383
2230 62362
2231 62388
2232 62410
2233 62444
2234 62435
2235 62382
2236 62373
2237 62322
2238 62256
2239 62125
2240 61852
2241 61845
2242 61874
2243 61860
2244 61860
2245 61949
2246 62032
2247 62013
2248 62100
2249 62041
2250 62080
2251 62120
2252 62035
2253 62013
2254 62013
2255 62072
2256 62082
2257 62126
2258 62095
2259 62155
2260 62181
2261 62198
2262 62225
2263 62267
2264 62285
2265 62326
2266 62365
2267 62409
2268 62477
2269 62398
2270 62342
2271 62318
2272 62260
2273 62184
2274 62150
2275 62041
2276 62137
2277 62139
2278 62192
2279 62192
2280 62216
2281 62157
2282 62150
2283 62197
2284 62137
2285 62155
2286 62088
2287 62032
2288 62092
2289 62095
2290 62012
2291 61947
2292 62020
2293 61981
2294 62041
2295 62023
2296 62093
2297 61967
2298 61939
2299 62029
2300 62025
2301 61974
2302 61866
2303 61908
2304 61946
2305 62076
2306 62028
2307 61999
2308 62051
2309 62060
2310 62015
2311 62028
2312 62067
2313 62061
2314 62073
2315 62034
2316 61992
2317 61957
2318 61888
2319 61799
2320 62186
2321 62151
2322 62193
2323 62184
2324 62190
2325 62255
2326 62348
2327 62321
2328 62430
2329 62389
2330 62359
2331 62364
2332 62312
2333 62301
2334 62277
2335 62337
2336 62333
2337 62360
2338 62343
2339 62400
2340 62449
2341 62474
2342 62486
2343 62534
2344 62541
2345 62563
2346 62590
2347 62617
2348 62657
2349 62713
2350 62650
2351 62620
2352 62573
2353 62525
2354 62486
2355 62371
2356 62431
2357 62434
2358 62486
2359 62452
2360 62448
2361 62378
2362 62394
2363 62428
2364 62367
2365 62411
2366 62366
2367 62338
2368 62362
2369 62371
2370 62290
2371 62251
2372 62239
2373 62207
2374 62253
2375 62229
2376 62309
2377 62238
2378 62190
2379 62286
2380 62306
2381 62247
2382 62154
2383 62196
2384 62207
2385 62307
2386 62226
2387 62198
2388 62277
2389 62294
2390 62266
2391 62256
2392 62258
2393 62276
2394 62295
2395 62271
2396 62220
2397 62256
2398 62216
2399 62130
2400 62016
2401 62046
2402 62072
2403 62013
2404 61981
2405 62062
2406 62172
2407 62155
2408 62166
2409 62126
2410 62111
2411 62124
2412 62093
2413 61985
2414 62049
2415 62120
2416 62133
2417 62163
2418 62120
2419 62195
2420 62239
2421 62262
2422 62261
2423 62315
2424 62318
2425 62341
2426 62385
2427 62400
2428 62435
2429 62481
2430 62547
2431 62510
2432 62448
2433 62354
2434 62286
2435 62181
2436 62255
2437 62251
2438 62301
2439 62277
2440 62280
2441 62194
2442 62178
2443 62232
2444 62165
2445 62223
2446 62216
2447 62146
2448 62209
2449 62232
2450 62122
2451 62103
2452 62107
2453 62072
2454 62045
2455 62046
2456 62091
2457 61981
2458 61959
2459 62073
2460 62082
2461 62038
2462 61942
2463 61996
2464 61986
2465 62106
2466 62052
2467 61975
2468 62032
2469 62076
2470 62051
2471 62083
2472 62095
2473 62107
2474 62134
2475 62073
2476 62080
2477 62133
2478 62071
2479 61984
2480 62018
2481 62083
2482 62084
2483 62040
2484 62004
2485 62079
2486 62199
2487 62165
2488 62175
2489 62145
2490 62146
2491 62178
2492 62142
2493 62066
2494 62139
2495 62165
2496 62161
2497 62196
2498 62163
2499 62223
2500 62276
2501 62317
2502 62296
2503 62355
2504 62347
2505 62361
2506 62398
2507 62409
2508 62428
2509 62477
2510 62528
2511 62597
2512 62530
2513 62415
2514 62356
2515 62245
2516 62337
2517 62324
2518 62362
2519 62336
2520 62332
2521 62237
2522 62204
2523 62281
2524 62184
2525 62233
2526 62249
2527 62164
2528 62242
2529 62248
2530 62124
2531 62102
2532 62141
2533 62093
2534 62078
2535 62092
2536 62129
2537 62010
2538 61965
2539 62061
2540 62111
2541 62055
2542 61914
2543 61977
2544 62010
2545 62118
2546 62068
2547 61995
2548 62020
2549 62077
2550 62046
2551 62072
2552 62119
2553 62137
2554 62163
2555 62097
2556 62136
2557 62154
2558 62104
2559 61976
2560 62025
2561 62107
2562 62104
2563 62043
2564 62006
2565 62061
2566 62160
2567 62107
2568 62141
2569 62063
2570 62131
2571 62138
2572 62105
2573 62097
2574 62168
2575 62189
2576 62194
2577 62199
2578 62203
2579 62222
2580 62237
2581 62267
2582 62250
2583 62316
2584 62306
2585 62322
2586 62361
2587 62361
2588 62372
2589 62419
2590 62461
2591 62516
2592 62584
2593 62469
2594 62412
2595 62279
2596 62392
2597 62363
2598 62330
2599 62296
2600 62282
2601 62224
2602 62165
2603 62260
2604 62143
2605 62209
2606 62233
2607 62123
2608 62209
2609 62223
2610 62100
2611 62106
2612 62136
2613 62079
2614 62049
2615 62071
2616 62122
2617 62004
2618 61997
2619 62103
2620 62140
2621 62104
2622 61971
2623 62000
2624 62032
2625 62170
2626 62104
2627 62031
2628 62046
2629 62096
2630 62070
2631 62085
2632 62124
2633 62167
2634 62163
2635 62079
2636 62132
2637 62144
2638 62097
2639 61982
2640 61970
2641 62065
2642 62059
2643 61960
2644 61913
2645 61988
2646 62050
2647 62004
2648 62070
2649 61961
2650 62015
2651 62028
2652 61942
2653 61979
2654 62031
2655 62050
2656 62072
2657 62079
2658 62052
2659 62123
2660 62137
2661 62144
2662 62157
2663 62211
2664 62197
2665 62220
2666 62257
2667 62255
2668 62259
2669 62300
2670 62335
2671 62378
2672 62437
2673 62506
2674 62450
2675 62299
2676 62336
2677 62295
2678 62251
2679 62204
2680 62201
2681 62162
2682 62102
2683 62224
2684 62094
2685 62140
2686 62159
2687 62060
2688 62122
2689 62137
2690 62051
2691 62039
2692 62051
2693 61999
2694 61974
2695 61992
2696 62039
2697 61957
2698 61926
2699 61946
2700 61983
2701 61917
2702 61809
2703 61847
2704 61886
2705 62056
2706 62009
2707 61953
2708 62001
2709 62072
2710 62040
2711 62056
2712 62064
2713 62115
2714 62109
2715 62000
2716 62091
2717 62077
2718 62020
2719 61898
2720 61934
2721 62035
2722 62024
2723 61912
2724 61881
2725 61964
2726 62050
2727 62045
2728 62075
2729 61990
2730 61980
2731 62012
2732 61923
2733 61963
2734 61997
2735 62000
2736 62018
2737 62053
2738 62042
2739 62049
2740 62074
2741 62073
2742 62098
2743 62143
2744 62135
2745 62162
2746 62205
2747 62198
2748 62192
2749 62233
2750 62263
2751 62298
2752 62353
2753 62410
2754 62482
2755 62330
2756 62356
2757 62314
2758 62259
2759 62214
2760 62203
2761 62184
2762 62114
2763 62211
2764 62082
2765 62123
2766 62138
2767 62044
2768 62117
2769 62141
2770 62029
2771 62019
2772 62042
2773 61993
2774 61953
2775 61910
2776 61975
2777 61869
2778 61837
2779 61870
2780 61923
2781 61849
2782 61739
2783 61779
2784 61843
2785 62008
2786 62011
2787 61959
2788 62001
2789 62006
2790 61992
2791 61975
2792 62079
2793 62133
2794 62115
2795 61997
2796 62053
2797 62020
2798 61971
2799 61841
2800 61585
2801 61668
2802 61645
2803 61538
2804 61494
2805 61568
2806 61683
2807 61686
2808 61748
2809 61661
2810 61663
2811 61707
2812 61609
2813 61551
2814 61625
2815 61619
2816 61655
2817 61698
2818 61669
2819 61666
2820 61688
2821 61682
2822 61717
2823 61758
2824 61766
2825 61796
2826 61819
2827 61818
2828 61812
2829 61830
2830 61853
2831 61882
2832 61930
2833 61969
2834 62024
2835 62096
2836 62070
2837 62027
2838 61963
2839 61928
2840 61919
2841 61889
2842 61872
2843 61872
2844 61761
2845 61763
2846 61792
2847 61726
2848 61733
2849 61768
2850 61675
2851 61597
2852 61626
2853 61604
2854 61554
2855 61505
2856 61616
2857 61496
2858 61402
2859 61456
2860 61537
2861 61460
2862 61309
2863 61401
2864 61452
2865 61592
2866 61594
2867 61583
2868 61576
2869 61609
2870 61585
2871 61577
2872 61679
2873 61687
2874 61692
2875 61607
2876 61717
2877 61652
2878 61642
2879 61526
2880 61741
2881 61871
2882 61804
2883 61711
2884 61718
2885 61754
2886 61834
2887 61825
2888 61930
2889 61853
2890 61865
2891 61912
2892 61836
2893 61800
2894 61868
2895 61840
2896 61874
2897 61926
2898 61906
2899 61878
2900 61873
2901 61866
2902 61919
2903 61975
2904 61981
2905 61988
2906 62021
2907 62028
2908 61988
2909 62012
2910 62032
2911 62069
2912 62116
2913 62150
2914 62197
2915 62255
2916 62330
2917 62295
2918 62220
2919 62180
2920 62158
2921 62123
2922 62101
2923 62101
2924 62031
2925 62038
2926 62050
2927 61974
2928 61963
2929 62001
2930 61926
2931 61867
2932 61841
2933 61817
2934 61801
2935 61800
2936 61845
2937 61700
2938 61624
2939 61682
2940 61737
2941 61688
2942 61552
2943 61672
2944 61729
2945 61875
2946 61878
2947 61882
2948 61889
2949 61887
2950 61855
2951 61830
2952 61897
2953 61906
2954 61920
2955 61834
2956 61931
2957 61880
2958 61856
2959 61713
2960 61766
2961 61881
2962 61818
2963 61733
2964 61716
2965 61797
2966 61856
2967 61856
2968 61948
2969 61896
2970 61875
2971 61908
2972 61855
2973 61815
2974 61898
2975 61881
2976 61904
2977 61954
2978 61899
2979 61881
2980 61888
2981 61873
2982 61915
2983 61959
2984 61971
2985 61982
2986 62018
2987 62016
2988 61949
2989 61984
2990 62005
2991 62054
2992 62099
2993 62129
2994 62166
2995 62216
2996 62277
2997 62352
2998 62269
2999 62225
3000 62201
3001 62145
3002 62120
3003 62111
3004 62039
3005 62048
3006 62071
3007 62008
3008 61976
3009 62015
3010 61934
3011 61895
3012 61864
3013 61842
3014 61837
3015 61832
3016 61877
3017 61737
3018 61681
3019 61670
3020 61704
3021 61642
3022 61556
3023 61633
3024 61699
3025 61846
3026 61839
3027 61910
3028 61934
3029 61917
3030 61885
3031 61865
3032 61921
3033 61913
3034 61926
3035 61861
3036 61967
3037 61907
3038 61887
3039 61764
3040 61893
3041 61966
3042 61893
3043 61798
3044 61783
3045 61833
3046 61922
3047 61902
3048 62027
3049 61959
3050 61964
3051 62001
3052 61949
3053 61872
3054 61984
3055 61996
3056 62020
3057 62079
3058 61972
3059 61929
3060 61923
3061 61939
3062 61969
3063 62041
3064 62022
3065 62046
3066 62073
3067 62068
3068 61986
3069 62039
3070 62058
3071 62113
3072 62163
3073 62186
3074 62219
3075 62254
3076 62309
3077 62366
3078 62436
3079 62390
3080 62362
3081 62303
3082 62285
3083 62273
3084 62196
3085 62179
3086 62185
3087 62110
3088 62086
3089 62123
3090 62071
3091 62002
3092 61969
3093 61965
3094 61934
3095 61927
3096 61978
3097 61813
3098 61740
3099 61757
3100 61794
3101 61726
3102 61626
3103 61686
3104 61772
3105 61925
3106 61956
3107 62002
3108 62029
3109 62030
3110 61957
3111 61954
3112 62049
3113 62051
3114 62024
3115 61950
3116 62035
3117 61983
3118 61979
3119 61864
3120 61874
3121 61922
3122 61831
3123 61760
3124 61714
3125 61782
3126 61855
3127 61881
3128 61995
3129 61966
3130 61942
3131 61969
3132 61915
3133 61841
3134 61954
3135 61954
3136 62006
3137 62077
3138 61958
3139 61928
3140 61909
3141 61928
3142 61961
3143 61978
3144 61995
3145 62036
3146 62074
3147 62081
3148 62016
3149 62065
3150 62083
3151 62121
3152 62157
3153 62176
3154 62203
3155 62220
3156 62271
3157 62320
3158 62377
3159 62451
3160 62416
3161 62348
3162 62329
3163 62312
3164 62223
3165 62218
3166 62208
3167 62134
3168 62118
3169 62148
3170 62077
3171 62018
3172 61972
3173 61954
3174 61951
3175 61975
3176 62006
3177 61808
3178 61755
3179 61767
3180 61796
3181 61731
3182 61646
3183 61677
3184 61755
3185 61921
3186 61965
3187 62058
3188 62085
3189 62085
3190 61989
3191 61948
3192 62054
3193 62052
3194 62002
3195 61905
3196 62036
3197 62027
3198 61978
3199 61838
3200 61932
3201 61977
3202 61889
3203 61816
3204 61740
3205 61816
3206 61939
3207 61962
3208 62094
3209 62057
3210 62029
3211 62048
3212 61983
3213 61931
3214 62046
3215 62051
3216 62087
3217 62150
3218 62025
3219 61984
3220 61978
3221 62031
3222 62044
3223 62094
3224 62117
3225 62140
3226 62148
3227 62113
3228 62079
3229 62115
3230 62138
3231 62172
3232 62207
3233 62223
3234 62256
3235 62252
3236 62300
3237 62336
3238 62384
3239 62441
3240 62516
3241 62442
3242 62411
3243 62396
3244 62322
3245 62320
3246 62302
3247 62244
3248 62215
3249 62252
3250 62219
3251 62188
3252 62120
3253 62126
3254 62145
3255 62097
3256 62138
3257 61999
3258 61949
3259 61908
3260 61899
3261 61822
3262 61741
3263 61738
3264 61815
3265 62009
3266 62031
3267 62124
3268 62165
3269 62182
3270 62101
3271 62048
3272 62138
3273 62107
3274 62038
3275 61903
3276 62133
3277 62100
3278 62063
3279 61886
3280 61739
3281 61759
3282 61751
3283 61687
3284 61579
3285 61695
3286 61805
3287 61810
3288 61876
3289 61832
3290 61820
3291 61839
3292 61760
3293 61733
3294 61845
3295 61823
3296 61852
3297 61909
3298 61811
3299 61732
3300 61744
3301 61803
3302 61814
3303 61846
3304 61849
3305 61881
3306 61892
3307 61898
3308 61884
3309 61905
3310 61915
3311 61923
3312 61979
3313 61989
3314 62017
3315 62015
3316 62071
3317 62090
3318 62126
3319 62175
3320 62226
3321 62290
3322 62265
3323 62241
3324 62159
3325 62140
3326 62123
3327 62084
3328 62082
3329 62124
3330 62088
3331 62031
3332 61968
3333 61956
3334 61951
3335 61898
3336 61909
3337 61818
3338 61774
3339 61757
3340 61751
3341 61662
3342 61600
3343 61577
3344 61629
3345 61850
3346 61832
3347 61929
3348 61951
3349 61984
3350 61897
3351 61845
3352 61947
3353 61868
3354 61817
3355 61753
3356 61855
3357 61843
3358 61797
3359 61671
3360 61853
3361 61878
3362 61862
3363 61785
3364 61669
3365 61763
3366 61913
3367 61912
3368 61992
3369 61942
3370 61912
3371 61931
3372 61801
3373 61858
3374 61952
3375 61873
3376 61937
3377 61978
3378 61911
3379 61845
3380 61831
3381 61919
3382 61925
3383 61945
3384 61928
3385 61946
3386 62015
3387 62056
3388 62027
3389 62052
3390 62076
3391 62084
3392 62126
3393 62130
3394 62168
3395 62150
3396 62203
3397 62232
3398 62259
3399 62301
3400 62349
3401 62400
3402 62467
3403 62435
3404 62338
3405 62312
3406 62284
3407 62246
3408 62243
3409 62270
3410 62239
3411 62196
3412 62118
3413 62093
3414 62082
3415 62044
3416 62044
3417 61934
3418 61900
3419 61885
3420 61855
3421 61796
3422 61724
3423 61741
3424 61780
3425 61989
3426 61976
3427 62081
3428 62102
3429 62134
3430 62047
3431 62006
3432 62090
3433 61990
3434 61957
3435 61818
3436 62024
3437 61993
3438 61936
3439 61811
3440 61915
3441 61910
3442 61865
3443 61774
3444 61672
3445 61779
3446 61899
3447 61908
3448 61964
3449 61916
3450 61834
3451 61853
3452 61793
3453 61806
3454 61905
3455 61824
3456 61866
3457 61928
3458 61842
3459 61770
3460 61716
3461 61821
3462 61829
3463 61815
3464 61794
3465 61822
3466 61928
3467 61982
3468 61965
3469 61967
3470 61987
3471 61974
3472 62017
3473 62044
3474 62077
3475 62054
3476 62102
3477 62126
3478 62173
3479 62211
3480 62254
3481 62309
3482 62365
3483 62437
3484 62335
3485 62284
3486 62252
3487 62206
3488 62203
3489 62235
3490 62204
3491 62165
3492 62072
3493 62058
3494 62033
3495 62008
3496 61992
3497 61895
3498 61875
3499 61824
3500 61812
3501 61716
3502 61683
3503 61682
3504 61721
3505 61962
3506 61933
3507 62029
3508 62070
3509 62068
3510 61968
3511 61935
3512 62039
3513 61959
3514 61914
3515 61870
3516 62008
3517 61976
3518 61914
3519 61852
3520 62004
3521 62012
3522 61983
3523 61926
3524 61839
3525 61934
3526 62028
3527 62048
3528 62091
3529 62030
3530 61981
3531 62007
3532 61956
3533 61969
3534 62051
3535 61974
3536 62030
3537 62104
3538 62005
3539 61930
3540 61849
3541 61891
3542 61948
3543 61933
3544 61939
3545 61966
3546 62076
3547 62153
3548 62128
3549 62117
3550 62157
3551 62131
3552 62161
3553 62185
3554 62179
3555 62189
3556 62249
3557 62266
3558 62300
3559 62320
3560 62356
3561 62395
3562 62441
3563 62493
3564 62571
3565 62516
3566 62462
3567 62410
3568 62437
3569 62469
3570 62427
3571 62375
3572 62242
3573 62205
3574 62177
3575 62160
3576 62100
3577 62045
3578 62054
3579 62003
3580 61991
3581 61950
3582 61903
3583 61930
3584 61931
3585 62080
3586 62076
3587 62143
3588 62182
3589 62239
3590 62150
3591 62170
3592 62165
3593 62099
3594 62042
3595 61957
3596 62115
3597 62089
3598 62025
3599 61969
3600 62100
3601 62123
3602 62105
3603 62083
3604 61945
3605 62035
3606 62140
3607 62143
3608 62152
3609 62113
3610 62093
3611 62121
3612 62055
3613 62059
3614 62112
3615 62056
3616 62057
3617 62145
3618 62058
3619 61966
3620 61895
3621 61982
3622 62046
3623 62007
3624 61985
3625 62000
3626 62114
3627 62197
3628 62187
3629 62161
3630 62169
3631 62154
3632 62180
3633 62239
3634 62264
3635 62255
3636 62284
3637 62317
3638 62343
3639 62370
3640 62405
3641 62428
3642 62474
3643 62519
3644 62585
3645 62655
3646 62598
3647 62557
3648 62573
3649 62578
3650 62535
3651 62441
3652 62299
3653 62274
3654 62243
3655 62220
3656 62204
3657 62134
3658 62155
3659 62115
3660 62113
3661 62047
3662 61966
3663 62018
3664 62032
3665 62158
3666 62165
3667 62182
3668 62193
3669 62296
3670 62201
3671 62229
3672 62208
3673 62167
3674 62152
3675 62083
3676 62239
3677 62196
3678 62134
3679 62055
3680 62086
3681 62142
3682 62126
3683 62113
3684 62002
3685 62094
3686 62215
3687 62181
3688 62209
3689 62161
3690 62141
3691 62194
3692 62089
3693 62138
3694 62181
3695 62139
3696 62122
3697 62188
3698 62121
3699 61999
3700 61939
3701 62077
3702 62119
3703 62068
3704 62049
3705 62068
3706 62176
3707 62200
3708 62223
3709 62213
3710 62219
3711 62214
3712 62230
3713 62283
3714 62316
3715 62309
3716 62328
3717 62358
3718 62395
3719 62424
3720 62454
3721 62484
3722 62527
3723 62566
3724 62624
3725 62677
3726 62745
3727 62713
3728 62701
3729 62697
3730 62651
3731 62574
3732 62420
3733 62393
3734 62351
3735 62325
3736 62314
3737 62258
3738 62279
3739 62130
3740 62111
3741 62046
3742 61955
3743 62048
3744 62046
3745 62135
3746 62165
3747 62192
3748 62201
3749 62341
3750 62287
3751 62328
3752 62318
3753 62282
3754 62276
3755 62119
3756 62307
3757 62252
3758 62171
3759 62095
3760 61904
3761 61921
3762 61908
3763 61910
3764 61830
3765 61830
3766 61969
3767 61933
3768 61959
3769 61921
3770 61907
3771 61962
3772 61862
3773 61924
3774 61908
3775 61857
3776 61902
3777 61955
3778 61879
3779 61777
3780 61786
3781 61861
3782 61870
3783 61825
3784 61864
3785 61889
3786 61913
3787 61958
3788 62003
3789 61989
3790 61959
3791 61950
3792 61943
3793 61983
3794 62038
3795 62047
3796 62084
3797 62108
3798 62148
3799 62175
3800 62191
3801 62219
3802 62269
3803 62303
3804 62360
3805 62404
3806 62454
3807 62526
3808 62493
3809 62492
3810 62434
3811 62369
3812 62233
3813 62211
3814 62189
3815 62153
3816 62089
3817 62031
3818 62051
3819 61924
3820 61892
3821 61868
3822 61839
3823 61890
3824 61847
3825 61918
3826 61966
3827 61989
3828 62001
3829 62082
3830 62025
3831 62070
3832 62072
3833 62025
3834 62029
3835 61896
3836 62017
3837 61978
3838 61902
3839 61881
3840 62000
3841 62068
3842 62073
3843 62034
3844 61902
3845 61887
3846 62096
3847 62058
3848 62055
3849 62070
3850 61973
3851 62101
3852 62017
3853 62052
3854 62025
3855 61977
3856 62016
3857 62054
3858 61994
3859 61907
3860 61923
3861 61988
3862 62018
3863 62013
3864 62027
3865 62041
3866 62060
3867 62102
3868 62125
3869 62102
3870 62101
3871 62095
3872 62126
3873 62138
3874 62175
3875 62172
3876 62213
3877 62250
3878 62281
3879 62299
3880 62320
3881 62326
3882 62380
3883 62421
3884 62470
3885 62512
3886 62555
3887 62614
3888 62682
3889 62679
3890 62614
3891 62545
3892 62399
3893 62364
3894 62339
3895 62320
3896 62259
3897 62216
3898 62213
3899 62074
3900 62092
3901 62044
3902 62004
3903 62058
3904 62021
3905 62080
3906 62118
3907 62128
3908 62125
3909 62230
3910 62159
3911 62226
3912 62189
3913 62157
3914 62155
3915 61949
3916 62118
3917 62041
3918 61983
3919 61983
3920 62245
3921 62316
3922 62333
3923 62312
3924 62152
3925 62134
3926 62305
3927 62275
3928 62274
3929 62282
3930 62238
3931 62341
3932 62265
3933 62341
3934 62268
3935 62246
3936 62316
3937 62341
3938 62267
3939 62196
3940 62208
3941 62257
3942 62285
3943 62289
3944 62293
3945 62301
3946 62346
3947 62382
3948 62400
3949 62393
3950 62361
3951 62338
3952 62316
3953 62347
3954 62381
3955 62418
3956 62446
3957 62457
3958 62515
3959 62552
3960 62548
3961 62569
3962 62644
3963 62665
3964 62711
3965 62749
3966 62787
3967 62841
3968 62899
3969 62967
3970 62896
3971 62815
3972 62672
3973 62633
3974 62611
3975 62587
3976 62533
3977 62499
3978 62501
3979 62364
3980 62366
3981 62331
3982 62285
3983 62340
3984 62328
3985 62381
3986 62380
3987 62391
3988 62363
3989 62465
3990 62403
3991 62468
3992 62428
3993 62428
3994 62455
3995 62232
3996 62374
3997 62311
3998 62276
3999 62245
4000 62179
4001 62254
4002 62260
4003 62276
4004 62129
4005 62101
4006 62268
4007 62224
4008 62222
4009 62214
4010 62187
4011 62283
4012 62164
4013 62299
4014 62292
4015 62280
4016 62304
4017 62380
4018 62333
4019 62265
4020 62219
4021 62243
4022 62303
4023 62258
4024 62275
4025 62263
4026 62316
4027 62338
4028 62328
4029 62318
4030 62280
4031 62290
4032 62246
4033 62269
4034 62304
4035 62332
4036 62368
4037 62373
4038 62434
4039 62472
4040 62456
4041 62466
4042 62535
4043 62552
4044 62597
4045 62637
4046 62675
4047 62719
4048 62771
4049 62830
4050 62894
4051 62805
4052 62634
4053 62592
4054 62542
4055 62515
4056 62448
4057 62403
4058 62428
4059 62290
4060 62254
4061 62220
4062 62187
4063 62234
4064 62237
4065 62291
4066 62324
4067 62344
4068 62347
4069 62381
4070 62358
4071 62415
4072 62396
4073 62392
4074 62403
4075 62159
4076 62349
4077 62285
4078 62264
4079 62190
4080 61984
4081 62040
4082 62030
4083 62091
4084 62029
4085 61956
4086 62096
4087 62063
4088 62041
4089 62027
4090 61997
4091 62067
4092 61927
4093 62057
4094 62047
4095 62070
4096 62128
4097 62199
4098 62132
4099 62028
4100 61976
4101 61986
4102 62051
4103 62053
4104 62039
4105 62013
4106 62053
4107 62065
4108 62053
4109 62013
4110 62015
4111 61995
4112 61948
4113 61970
4114 61992
4115 61982
4116 62030
4117 62057
4118 62132
4119 62166
4120 62183
4121 62178
4122 62270
4123 62301
4124 62321
4125 62348
4126 62394
4127 62439
4128 62489
4129 62542
4130 62593
4131 62663
4132 62479
4133 62428
4134 62374
4135 62315
4136 62265
4137 62232
4138 62233
4139 62115
4140 62033
4141 61997
4142 61984
4143 62014
4144 61981
4145 61988
4146 62026
4147 62062
4148 62064
4149 62110
4150 62125
4151 62187
4152 62210
4153 62185
4154 62189
4155 61960
4156 62152
4157 62022
4158 62030
4159 61987
4160 62150
4161 62200
4162 62158
4163 62169
4164 62132
4165 62128
4166 62287
4167 62263
4168 62254
4169 62234
4170 62158
4171 62211
4172 62042
4173 62154
4174 62171
4175 62168
4176 62174
4177 62254
4178 62204
4179 62119
4180 62082
4181 62095
4182 62185
4183 62199
4184 62169
4185 62152
4186 62200
4187 62227
4188 62178
4189 62173
4190 62147
4191 62142
4192 62098
4193 62107
4194 62118
4195 62122
4196 62155
4197 62190
4198 62247
4199 62272
4200 62262
4201 62265
4202 62312
4203 62344
4204 62355
4205 62400
4206 62471
4207 62503
4208 62533
4209 62586
4210 62624
4211 62674
4212 62737
4213 62678
4214 62607
4215 62562
4216 62503
4217 62450
4218 62423
4219 62323
4220 62320
4221 62279
4222 62287
4223 62305
4224 62282
4225 62260
4226 62272
4227 62296
4228 62261
4229 62263
4230 62259
4231 62319
4232 62334
4233 62298
4234 62297
4235 62175
4236 62281
4237 62217
4238 62186
4239 62173
4240 61879
4241 61926
4242 61891
4243 61897
4244 61771
4245 61879
4246 62064
4247 62027
4248 62010
4249 61969
4250 61900
4251 61963
4252 61825
4253 61891
4254 61878
4255 61873
4256 61889
4257 61979
4258 61936
4259 61841
4260 61813
4261 61861
4262 61961
4263 61948
4264 61931
4265 61916
4266 61939
4267 61956
4268 61912
4269 61912
4270 61747
4271 61797
4272 61786
4273 61786
4274 61832
4275 61842
4276 61899
4277 61920
4278 61945
4279 61971
4280 61990
4281 61999
4282 62055
4283 62107
4284 62116
4285 62142
4286 62217
4287 62246
4288 62281
4289 62335
4290 62360
4291 62405
4292 62454
4293 62520
4294 62416
4295 62343
4296 62299
4297 62208
4298 62178
4299 62021
4300 62027
4301 62006
4302 62012
4303 62031
4304 61994
4305 62034
4306 62031
4307 62028
4308 62026
4309 62053
4310 62000
4311 62041
4312 62077
4313 62051
4314 62057
4315 61931
4316 62074
4317 61972
4318 61891
4319 61926
4320 61965
4321 61994
4322 61979
4323 61895
4324 61832
4325 61911
4326 62032
4327 61990
4328 61969
4329 61935
4330 61851
4331 61885
4332 61771
4333 61847
4334 61859
4335 61851
4336 61882
4337 61993
4338 61908
4339 61858
4340 61811
4341 61916
4342 61990
4343 61929
4344 61883
4345 61906
4346 61944
4347 61946
4348 61928
4349 61928
4350 61807
4351 61888
4352 61844
4353 61832
4354 61854
4355 61878
4356 61904
4357 61902
4358 61911
4359 61957
4360 62000
4361 62022
4362 62056
4363 62097
4364 62100
4365 62130
4366 62201
4367 62232
4368 62253
4369 62296
4370 62319
4371 62355
4372 62401
4373 62452
4374 62519
4375 62385
4376 62335
4377 62278
4378 62231
4379 62027
4380 61983
4381 61995
4382 61990
4383 61997
4384 61979
4385 62045
4386 62030
4387 62041
4388 62031
4389 62043
4390 62020
4391 62049
4392 62101
4393 62094
4394 62092
4395 61981
4396 62126
4397 62043
4398 61919
4399 61987
4400 62055
4401 62034
4402 62012
4403 61938
4404 61842
4405 61922
4406 62018
4407 61962
4408 61947
4409 61940
4410 61882
4411 61948
4412 61885
4413 61997
4414 61964
4415 61948
4416 62005
4417 62085
4418 62033
4419 61960
4420 61897
4421 61989
4422 62069
4423 62063
4424 62004
4425 62055
4426 62091
4427 62077
4428 62053
4429 62022
4430 61985
4431 62071
4432 62005
4433 61971
4434 61977
4435 61954
4436 61951
4437 61959
4438 61922
4439 61978
4440 62018
4441 62031
4442 62109
4443 62165
4444 62220
4445 62236
4446 62276
4447 62266
4448 62330
4449 62355
4450 62360
4451 62376
4452 62426
4453 62463
4454 62513
4455 62577
4456 62510
4457 62459
4458 62399
4459 62261
4460 62214
4461 62200
4462 62169
4463 62184
4464 62147
4465 62219
4466 62219
4467 62190
4468 62199
4469 62203
4470 62231
4471 62237
4472 62218
4473 62190
4474 62189
4475 62055
4476 62213
4477 62131
4478 62017
4479 62080
4480 62226
4481 62198
4482 62206
4483 62147
4484 62038
4485 62163
4486 62236
4487 62180
4488 62186
4489 62176
4490 62061
4491 62163
4492 62128
4493 62213
4494 62167
4495 62142
4496 62171
4497 62241
4498 62188
4499 62117
4500 62085
4501 62136
4502 62246
4503 62239
4504 62232
4505 62270
4506 62327
4507 62310
4508 62273
4509 62271
4510 62196
4511 62289
4512 62249
4513 62226
4514 62201
4515 62189
4516 62208
4517 62233
4518 62209
4519 62292
4520 62299
4521 62294
4522 62372
4523 62407
4524 62457
4525 62456
4526 62486
4527 62464
4528 62527
4529 62560
4530 62565
4531 62572
4532 62611
4533 62648
4534 62695
4535 62746
4536 62812
4537 62754
4538 62679
4539 62578
4540 62529
4541 62488
4542 62474
4543 62482
4544 62434
4545 62480
4546 62476
4547 62447
4548 62461
4549 62466
4550 62504
4551 62516
4552 62468
4553 62433
4554 62429
4555 62293
4556 62421
4557 62347
4558 62214
4559 62249
4560 61823
4561 61826
4562 61861
4563 61791
4564 61646
4565 61762
4566 61803
4567 61736
4568 61752
4569 61738
4570 61664
4571 61769
4572 61676
4573 61849
4574 61779
4575 61752
4576 61731
4577 61814
4578 61803
4579 61710
4580 61694
4581 61774
4582 61905
4583 61896
4584 61882
4585 61920
4586 61987
4587 61957
4588 61918
4589 61927
4590 61837
4591 61916
4592 61845
4593 61822
4594 61791
4595 61750
4596 61770
4597 61809
4598 61780
4599 61856
4600 61872
4601 61860
4602 61940
4603 61979
4604 62047
4605 62047
4606 62085
4607 62029
4608 62091
4609 62144
4610 62125
4611 62129
4612 62172
4613 62206
4614 62253
4615 62298
4616 62351
4617 62419
4618 62337
4619 62209
4620 62125
4621 62108
4622 62086
4623 62082
4624 62032
4625 62098
4626 62082
4627 62036
4628 62098
4629 62078
4630 62093
4631 62108
4632 62052
4633 62023
4634 62000
4635 61858
4636 62001
4637 61962
4638 61858
4639 61866
4640 61799
4641 61782
4642 61821
4643 61724
4644 61629
4645 61760
4646 61796
4647 61710
4648 61708
4649 61705
4650 61650
4651 61731
4652 61631
4653 61793
4654 61757
4655 61749
4656 61746
4657 61830
4658 61833
4659 61749
4660 61689
4661 61722
4662 61834
4663 61859
4664 61864
4665 61896
4666 61971
4667 61906
4668 61842
4669 61870
4670 61800
4671 61849
4672 61743
4673 61714
4674 61674
4675 61653
4676 61661
4677 61699
4678 61673
4679 61751
4680 61776
4681 61758
4682 61808
4683 61840
4684 61898
4685 61946
4686 61960
4687 61936
4688 61993
4689 62023
4690 61997
4691 62007
4692 62043
4693 62074
4694 62110
4695 62146
4696 62195
4697 62242
4698 62309
4699 62164
4700 62074
4701 62057
4702 62030
4703 62020
4704 61936
4705 62013
4706 62004
4707 61949
4708 61979
4709 61966
4710 61959
4711 61975
4712 61957
4713 61923
4714 61893
4715 61765
4716 61917
4717 61903
4718 61790
4719 61818
4720 61979
4721 61949
4722 62003
4723 61930
4724 61834
4725 61916
4726 61955
4727 61951
4728 61871
4729 61860
4730 61793
4731 61855
4732 61790
4733 61887
4734 61876
4735 61884
4736 61866
4737 61936
4738 61945
4739 61863
4740 61803
4741 61863
4742 61957
4743 61979
4744 61978
4745 62025
4746 62113
4747 62054
4748 62005
4749 62031
4750 61920
4751 61966
4752 61932
4753 61918
4754 61869
4755 61845
4756 61845
4757 61900
4758 61942
4759 61978
4760 61941
4761 61957
4762 62012
4763 62008
4764 62047
4765 62081
4766 62062
4767 62048
4768 62111
4769 62122
4770 62082
4771 62096
4772 62149
4773 62139
4774 62162
4775 62218
4776 62260
4777 62303
4778 62352
4779 62422
4780 62317
4781 62303
4782 62276
4783 62257
4784 62166
4785 62200
4786 62192
4787 62181
4788 62163
4789 62109
4790 62137
4791 62143
4792 62155
4793 62136
4794 62112
4795 61993
4796 62116
4797 62109
4798 62009
4799 61999
4800 62109
4801 62088
4802 62099
4803 62069
4804 61881
4805 61967
4806 62003
4807 61998
4808 61935
4809 61961
4810 61908
4811 61947
4812 61892
4813 62020
4814 61985
4815 61966
4816 61965
4817 62025
4818 62019
4819 61946
4820 61885
4821 61980
4822 62062
4823 62081
4824 62052
4825 62099
4826 62182
4827 62132
4828 62124
4829 62153
4830 62112
4831 62134
4832 62094
4833 62090
4834 61990
4835 62005
4836 61999
4837 61989
4838 62031
4839 62044
4840 62014
4841 62042
4842 62085
4843 62059
4844 62132
4845 62165
4846 62156
4847 62091
4848 62177
4849 62188
4850 62155
4851 62132
4852 62188
4853 62173
4854 62192
4855 62261
4856 62300
4857 62339
4858 62383
4859 62438
4860 62502
4861 62475
4862 62439
4863 62417
4864 62289
4865 62285
4866 62278
4867 62264
4868 62238
4869 62196
4870 62242
4871 62251
4872 62294
4873 62265
4874 62239
4875 62130
4876 62215
4877 62214
4878 62157
4879 62144
4880 62030
4881 62034
4882 62006
4883 61993
4884 61884
4885 61928
4886 61954
4887 61910
4888 61863
4889 61841
4890 61740
4891 61879
4892 61825
4893 61958
4894 61897
4895 61890
4896 61908
4897 61972
4898 61975
4899 61939
4900 61886
4901 61939
4902 61994
4903 61991
4904 61997
4905 61985
4906 62107
4907 62069
4908 62069
4909 62109
4910 62065
4911 62093
4912 62010
4913 61977
4914 61901
4915 61873
4916 61866
4917 61840
4918 61909
4919 61863
4920 61919
4921 61938
4922 61908
4923 61896
4924 61929
4925 61964
4926 62004
4927 61942
4928 62029
4929 62035
4930 62043
4931 62006
4932 62063
4933 62054
4934 62064
4935 62104
4936 62144
4937 62207
4938 62237
4939 62283
4940 62332
4941 62399
4942 62346
4943 62335
4944 62223
4945 62199
4946 62190
4947 62169
4948 62143
4949 62095
4950 62126
4951 62136
4952 62172
4953 62141
4954 62115
4955 62038
4956 62109
4957 62153
4958 62093
4959 62074
4960 61664
4961 61656
4962 61640
4963 61624
4964 61548
4965 61581
4966 61615
4967 61559
4968 61501
4969 61513
4970 61415
4971 61492
4972 61435
4973 61589
4974 61456
4975 61469
4976 61488
4977 61583
4978 61587
4979 61551
4980 61510
4981 61600
4982 61694
4983 61679
4984 61658
4985 61654
4986 61767
4987 61726
4988 61712
4989 61736
4990 61627
4991 61650
4992 61592
4993 61641
4994 61558
4995 61561
4996 61577
4997 61553
4998 61604
4999 61520
5000 61601
5001 61610
5002 61598
5003 61562
5004 61592
5005 61649
5006 61624
5007 61581
5008 61659
5009 61670
5010 61690
5011 61639
5012 61717
5013 61700
5014 61702
5015 61740
5016 61771
5017 61823
5018 61853
5019 61898
5020 61942
5021 61994
5022 62065
5023 62050
5024 61939
5025 61911
5026 61895
5027 61869
5028 61809
5029 61750
5030 61777
5031 61780
5032 61815
5033 61770
5034 61754
5035 61678
5036 61750
5037 61765
5038 61771
5039 61739
5040 61829
5041 61846
5042 61830
5043 61805
5044 61688
5045 61718
5046 61762
5047 61727
5048 61657
5049 61617
5050 61536
5051 61609
5052 61577
5053 61677
5054 61562
5055 61590
5056 61600
5057 61707
5058 61748
5059 61689
5060 61666
5061 61708
5062 61828
5063 61844
5064 61844
5065 61804
5066 61894
5067 61843
5068 61820
5069 61851
5070 61775
5071 61800
5072 61743
5073 61740
5074 61664
5075 61692
5076 61707
5077 61718
5078 61758
5079 61656
5080 61733
5081 61727
5082 61703
5083 61650
5084 61721
5085 61752
5086 61801
5087 61719
5088 61776
5089 61821
5090 61813
5091 61759
5092 61812
5093 61809
5094 61830
5095 61873
5096 61873
5097 61925
5098 61960
5099 62015
5100 62053
5101 62099
5102 62153
5103 62226
5104 62104
5105 62064
5106 62044
5107 62039
5108 62002
5109 61954
5110 61989
5111 61990
5112 62012
5113 61971
5114 61910
5115 61830
5116 61906
5117 61929
5118 61917
5119 61882
5120 61930
5121 61965
5122 61931
5123 61902
5124 61802
5125 61827
5126 61831
5127 61801
5128 61682
5129 61637
5130 61513
5131 61642
5132 61647
5133 61773
5134 61688
5135 61753
5136 61695
5137 61798
5138 61859
5139 61806
5140 61790
5141 61821
5142 61932
5143 61889
5144 61888
5145 61869
5146 61914
5147 61865
5148 61856
5149 61903
5150 61853
5151 61895
5152 61820
5153 61822
5154 61815
5155 61826
5156 61806
5157 61873
5158 61911
5159 61819
5160 61888
5161 61867
5162 61811
5163 61716
5164 61805
5165 61878
5166 61879
5167 61797
5168 61875
5169 61887
5170 61871
5171 61841
5172 61928
5173 61901
5174 61925
5175 61971
5176 61970
5177 61999
5178 62026
5179 62065
5180 62094
5181 62132
5182 62173
5183 62228
5184 62292
5185 62245
5186 62226
5187 62218
5188 62169
5189 62119
5190 62090
5191 62093
5192 62121
5193 62066
5194 62024
5195 62022
5196 62016
5197 62037
5198 62042
5199 61980
5200 62244
5201 62275
5202 62232
5203 62240
5204 62145
5205 62185
5206 62180
5207 62132
5208 62039
5209 61965
5210 61840
5211 62006
5212 61990
5213 62142
5214 62094
5215 62147
5216 62111
5217 62209
5218 62243
5219 62183
5220 62107
5221 62170
5222 62244
5223 62195
5224 62177
5225 62171
5226 62234
5227 62200
5228 62193
5229 62243
5230 62190
5231 62220
5232 62161
5233 62167
5234 62137
5235 62153
5236 62127
5237 62189
5238 62227
5239 62155
5240 62168
5241 62194
5242 62147
5243 62071
5244 62126
5245 62227
5246 62224
5247 62178
5248 62227
5249 62240
5250 62158
5251 62119
5252 62191
5253 62211
5254 62228
5255 62270
5256 62277
5257 62315
5258 62336
5259 62366
5260 62397
5261 62436
5262 62470
5263 62516
5264 62566
5265 62634
5266 62612
5267 62596
5268 62533
5269 62495
5270 62462
5271 62435
5272 62458
5273 62406
5274 62367
5275 62378
5276 62373
5277 62377
5278 62373
5279 62309
5280 62242
5281 62255
5282 62207
5283 62211
5284 62150
5285 62181
5286 62161
5287 62100
5288 62021
5289 61973
5290 61871
5291 62023
5292 62006
5293 62169
5294 62122
5295 62155
5296 62133
5297 62219
5298 62211
5299 62157
5300 62048
5301 62138
5302 62183
5303 62109
5304 62100
5305 62105
5306 62197
5307 62161
5308 62131
5309 62192
5310 62116
5311 62158
5312 62108
5313 62117
5314 62105
5315 62060
5316 62019
5317 62099
5318 62163
5319 62103
5320 62138
5321 62152
5322 62147
5323 62041
5324 62074
5325 62182
5326 62157
5327 62178
5328 62219
5329 62225
5330 62112
5331 62047
5332 62108
5333 62137
5334 62157
5335 62192
5336 62224
5337 62275
5338 62285
5339 62315
5340 62344
5341 62389
5342 62419
5343 62461
5344 62511
5345 62567
5346 62638
5347 62610
5348 62522
5349 62488
5350 62478
5351 62461
5352 62479
5353 62414
5354 62373
5355 62381
5356 62377
5357 62373
5358 62343
5359 62287
5360 62151
5361 62151
5362 62088
5363 62079
5364 62000
5365 62059
5366 62046
5367 61974
5368 61934
5369 61935
5370 61866
5371 61993
5372 61983
5373 62077
5374 62033
5375 62062
5376 62035
5377 62121
5378 62116
5379 62072
5380 62023
5381 62154
5382 62199
5383 62129
5384 62074
5385 62054
5386 62144
5387 62077
5388 62022
5389 62091
5390 62021
5391 62044
5392 62033
5393 62055
5394 62062
5395 62048
5396 62008
5397 62053
5398 62150
5399 62105
5400 62167
5401 62083
5402 62105
5403 62018
5404 62040
5405 62099
5406 62071
5407 62105
5408 62123
5409 62138
5410 62033
5411 61988
5412 62041
5413 62022
5414 62038
5415 62059
5416 62091
5417 62165
5418 62176
5419 62224
5420 62256
5421 62299
5422 62324
5423 62359
5424 62399
5425 62455
5426 62509
5427 62578
5428 62474
5429 62409
5430 62409
5431 62386
5432 62424
5433 62354
5434 62303
5435 62312
5436 62305
5437 62297
5438 62269
5439 62214
5440 62102
5441 62141
5442 62094
5443 62080
5444 62000
5445 62050
5446 62039
5447 61957
5448 61937
5449 61910
5450 61862
5451 61964
5452 61939
5453 62000
5454 62022
5455 62028
5456 61970
5457 62096
5458 62120
5459 62078
5460 62042
5461 62147
5462 62194
5463 62177
5464 62126
5465 62087
5466 62155
5467 62108
5468 62048
5469 62080
5470 62048
5471 62044
5472 62019
5473 62005
5474 62019
5475 61999
5476 61973
5477 62033
5478 62080
5479 62008
5480 62087
5481 62006
5482 62026
5483 62025
5484 62032
5485 62044
5486 62052
5487 62069
5488 62067
5489 62078
5490 61988
5491 61948
5492 61975
5493 61964
5494 61984
5495 62017
5496 62046
5497 62106
5498 62111
5499 62156
5500 62189
5501 62227
5502 62265
5503 62295
5504 62338
5505 62384
5506 62426
5507 62480
5508 62550
5509 62479
5510 62428
5511 62402
5512 62429
5513 62356
5514 62296
5515 62266
5516 62265
5517 62252
5518 62223
5519 62152
5520 62149
5521 62176
5522 62130
5523 62121
5524 62088
5525 62101
5526 62036
5527 61950
5528 62010
5529 61985
5530 61933
5531 62047
5532 62034
5533 62081
5534 62109
5535 62124
5536 62029
5537 62213
5538 62204
5539 62180
5540 62112
5541 62217
5542 62240
5543 62218
5544 62149
5545 62111
5546 62192
5547 62158
5548 62094
5549 62130
5550 62114
5551 62098
5552 62119
5553 62046
5554 62054
5555 62024
5556 62018
5557 62098
5558 62122
5559 62030
5560 62110
5561 62036
5562 62042
5563 62060
5564 62047
5565 62061
5566 62068
5567 62072
5568 62077
5569 62082
5570 61993
5571 61942
5572 61980
5573 61970
5574 61986
5575 62029
5576 62071
5577 62141
5578 62120
5579 62198
5580 62236
5581 62261
5582 62297
5583 62341
5584 62379
5585 62422
5586 62453
5587 62505
5588 62564
5589 62638
5590 62557
5591 62526
5592 62505
5593 62433
5594 62366
5595 62321
5596 62314
5597 62308
5598 62272
5599 62192
5600 62117
5601 62128
5602 62091
5603 62075
5604 62089
5605 62103
5606 62039
5607 61945
5608 62002
5609 61965
5610 61892
5611 62001
5612 62018
5613 62026
5614 62036
5615 62054
5616 61970
5617 62144
5618 62108
5619 62074
5620 62064
5621 62164
5622 62180
5623 62147
5624 62079
5625 62032
5626 62120
5627 62101
5628 62039
5629 62098
5630 62080
5631 62044
5632 62062
5633 62015
5634 62011
5635 61963
5636 61907
5637 61953
5638 61991
5639 61903
5640 61987
5641 61977
5642 61966
5643 61997
5644 61968
5645 61954
5646 61988
5647 61985
5648 61955
5649 61989
5650 61911
5651 61942
5652 61876
5653 61903
5654 61955
5655 61977
5656 62030
5657 62042
5658 62046
5659 62123
5660 62155
5661 62196
5662 62221
5663 62255
5664 62301
5665 62339
5666 62358
5667 62393
5668 62445
5669 62504
5670 62572
5671 62537
5672 62503
5673 62444
5674 62370
5675 62315
5676 62298
5677 62293
5678 62245
5679 62177
5680 62231
5681 62235
5682 62209
5683 62184
5684 62177
5685 62191
5686 62155
5687 62033
5688 62057
5689 62049
5690 62005
5691 62082
5692 62070
5693 62143
5694 62170
5695 62149
5696 62059
5697 62249
5698 62203
5699 62156
5700 62138
5701 62219
5702 62255
5703 62267
5704 62165
5705 62158
5706 62212
5707 62183
5708 62103
5709 62143
5710 62135
5711 62097
5712 62139
5713 62077
5714 62065
5715 62001
5716 62018
5717 62031
5718 62058
5719 62018
5720 62045
5721 61994
5722 62024
5723 62051
5724 62064
5725 62020
5726 62072
5727 62091
5728 62013
5729 62083
5730 62028
5731 62071
5732 62006
5733 61993
5734 62070
5735 62107
5736 62165
5737 62133
5738 62122
5739 62222
5740 62255
5741 62265
5742 62265
5743 62291
5744 62354
5745 62406
5746 62435
5747 62464
5748 62508
5749 62561
5750 62615
5751 62687
5752 62647
5753 62576
5754 62498
5755 62451
5756 62427
5757 62415
5758 62385
5759 62294
5760 62288
5761 62304
5762 62277
5763 62266
5764 62226
5765 62227
5766 62205
5767 62097
5768 62073
5769 62096
5770 62058
5771 62137
5772 62154
5773 62204
5774 62254
5775 62227
5776 62108
5777 62282
5778 62270
5779 62198
5780 62189
5781 62253
5782 62257
5783 62270
5784 62139
5785 62125
5786 62175
5787 62130
5788 62069
5789 62101
5790 62122
5791 62129
5792 62173
5793 62138
5794 62114
5795 62029
5796 62033
5797 62045
5798 62065
5799 61973
5800 62064
5801 61970
5802 61985
5803 61985
5804 62056
5805 62001
5806 62044
5807 62089
5808 61972
5809 62085
5810 62046
5811 62039
5812 62034
5813 62028
5814 62082
5815 62125
5816 62176
5817 62136
5818 62116
5819 62214
5820 62247
5821 62261
5822 62275
5823 62270
5824 62324
5825 62374
5826 62403
5827 62420
5828 62461
5829 62516
5830 62565
5831 62617
5832 62687
5833 62634
5834 62568
5835 62523
5836 62490
5837 62472
5838 62445
5839 62344
5840 62329
5841 62379
5842 62361
5843 62348
5844 62321
5845 62328
5846 62301
5847 62239
5848 62143
5849 62147
5850 62056
5851 62188
5852 62198
5853 62214
5854 62214
5855 62227
5856 62124
5857 62259
5858 62239
5859 62179
5860 62201
5861 62265
5862 62266
5863 62252
5864 62164
5865 62131
5866 62224
5867 62195
5868 62087
5869 62148
5870 62168
5871 62182
5872 62194
5873 62163
5874 62152
5875 62064
5876 62092
5877 62062
5878 62070
5879 61973
5880 62051
5881 61982
5882 61999
5883 61969
5884 62065
5885 62000
5886 62036
5887 62050
5888 61943
5889 62085
5890 62033
5891 62025
5892 62061
5893 62041
5894 62093
5895 62145
5896 62200
5897 62152
5898 62173
5899 62212
5900 62244
5901 62284
5902 62281
5903 62284
5904 62335
5905 62376
5906 62390
5907 62404
5908 62431
5909 62482
5910 62527
5911 62570
5912 62624
5913 62699
5914 62607
5915 62552
5916 62519
5917 62493
5918 62475
5919 62408
5920 62344
5921 62358
5922 62338
5923 62327
5924 62275
5925 62251
5926 62228
5927 62151
5928 62057
5929 62060
5930 61988
5931 62084
5932 62103
5933 62082
5934 62081
5935 62110
5936 61993
5937 62168
5938 62153
5939 62101
5940 62101
5941 62186
5942 62228
5943 62207
5944 62127
5945 62100
5946 62166
5947 62138
5948 62035
5949 62104
5950 62101
5951 62113
5952 62146
5953 62102
5954 62089
5955 61998
5956 62035
5957 62017
5958 62004
5959 61887
5960 62014
5961 61961
5962 61960
5963 61900
5964 61983
5965 61937
5966 61994
5967 61973
5968 61933
5969 62048
5970 61961
5971 61925
5972 61967
5973 61925
5974 61984
5975 62046
5976 62081
5977 62041
5978 62074
5979 62120
5980 62148
5981 62192
5982 62174
5983 62167
5984 62214
5985 62272
5986 62298
5987 62317
5988 62338
5989 62382
5990 62420
5991 62452
5992 62499
5993 62559
5994 62630
5995 62569
5996 62522
5997 62494
5998 62473
5999 62406
6000 62165
6001 62192
6002 62185
6003 62171
6004 62089
6005 62081
6006 62044
6007 61992
6008 61857
6009 61905
6010 61864
6011 61911
6012 61910
6013 61900
6014 61868
6015 61884
6016 61831
6017 61949
6018 61951
6019 61940
6020 61941
6021 61996
6022 62064
6023 62006
6024 61964
6025 61934
6026 62027
6027 62018
6028 61961
6029 62015
6030 62014
6031 62021
6032 62044
6033 61919
6034 61900
6035 61828
6036 61878
6037 61850
6038 61874
6039 61757
6040 61899
6041 61789
6042 61831
6043 61772
6044 61841
6045 61788
6046 61800
6047 61777
6048 61785
6049 61861
6050 61819
6051 61772
6052 61820
6053 61729
6054 61782
6055 61808
6056 61855
6057 61829
6058 61799
6059 61857
6060 61846
6061 61893
6062 61876
6063 61896
6064 61969
6065 62038
6066 62066
6067 62083
6068 62098
6069 62123
6070 62158
6071 62180
6072 62246
6073 62297
6074 62352
6075 62426
6076 62371
6077 62339
6078 62318
6079 62264
6080 62554
6081 62555
6082 62527
6083 62491
6084 62428
6085 62412
6086 62406
6087 62361
6088 62219
6089 62251
6090 62215
6091 62285
6092 62277
6093 62308
6094 62245
6095 62278
6096 62210
6097 62322
6098 62325
6099 62301
6100 62323
6101 62334
6102 62395
6103 62343
6104 62230
6105 62264
6106 62321
6107 62310
6108 62268
6109 62331
6110 62319
6111 62319
6112 62335
6113 62214
6114 62191
6115 62117
6116 62175
6117 62126
6118 62186
6119 62105
6120 62207
6121 62085
6122 62129
6123 62041
6124 62157
6125 62182
6126 62213
6127 62163
6128 62158
6129 62258
6130 62216
6131 62148
6132 62183
6133 62081
6134 62115
6135 62162
6136 62226
6137 62174
6138 62140
6139 62193
6140 62177
6141 62234
6142 62237
6143 62260
6144 62321
6145 62367
6146 62410
6147 62425
6148 62427
6149 62455
6150 62477
6151 62487
6152 62547
6153 62586
6154 62631
6155 62684
6156 62748
6157 62713
6158 62696
6159 62632
6160 62546
6161 62520
6162 62492
6163 62447
6164 62416
6165 62389
6166 62368
6167 62392
6168 62310
6169 62321
6170 62285
6171 62367
6172 62329
6173 62364
6174 62324
6175 62347
6176 62272
6177 62333
6178 62344
6179 62291
6180 62305
6181 62321
6182 62384
6183 62299
6184 62169
6185 62166
6186 62271
6187 62312
6188 62216
6189 62259
6190 62261
6191 62255
6192 62250
6193 62141
6194 62136
6195 62100
6196 62148
6197 62099
6198 62167
6199 62052
6200 62179
6201 62055
6202 62033
6203 61929
6204 62058
6205 62144
6206 62187
6207 62191
6208 62154
6209 62252
6210 62241
6211 62196
6212 62201
6213 62075
6214 62089
6215 62165
6216 62212
6217 62147
6218 62127
6219 62139
6220 62176
6221 62229
6222 62205
6223 62242
6224 62305
6225 62330
6226 62366
6227 62382
6228 62379
6229 62411
6230 62423
6231 62442
6232 62481
6233 62514
6234 62561
6235 62604
6236 62656
6237 62722
6238 62700
6239 62638
6240 62454
6241 62403
6242 62375
6243 62351
6244 62305
6245 62271
6246 62213
6247 62236
6248 62160
6249 62179
6250 62182
6251 62204
6252 62149
6253 62204
6254 62163
6255 62172
6256 62112
6257 62164
6258 62154
6259 62111
6260 62124
6261 62150
6262 62200
6263 62115
6264 62019
6265 61985
6266 62122
6267 62188
6268 62081
6269 62150
6270 62151
6271 62144
6272 62138
6273 62032
6274 62011
6275 61944
6276 62021
6277 62013
6278 62015
6279 61946
6280 62056
6281 61950
6282 61933
6283 61849
6284 61938
6285 61988
6286 62029
6287 61990
6288 61947
6289 62038
6290 62040
6291 61994
6292 62016
6293 61903
6294 61910
6295 61985
6296 62030
6297 61995
6298 61976
6299 61978
6300 62012
6301 62069
6302 62072
6303 62099
6304 62155
6305 62179
6306 62229
6307 62246
6308 62226
6309 62259
6310 62272
6311 62279
6312 62325
6313 62353
6314 62384
6315 62419
6316 62467
6317 62525
6318 62592
6319 62554
6320 62311
6321 62207
6322 62176
6323 62113
6324 62061
6325 62028
6326 61962
6327 61983
6328 61896
6329 61931
6330 61930
6331 61990
6332 61982
6333 61973
6334 61930
6335 61948
6336 61912
6337 61972
6338 61924
6339 61861
6340 61905
6341 61943
6342 61985
6343 61885
6344 61783
6345 61775
6346 61879
6347 61939
6348 61834
6349 61904
6350 61918
6351 61927
6352 61921
6353 61799
6354 61778
6355 61722
6356 61769
6357 61730
6358 61770
6359 61767
6360 61799
6361 61712
6362 61703
6363 61608
6364 61755
6365 61769
6366 61815
6367 61741
6368 61736
6369 61820
6370 61771
6371 61750
6372 61747
6373 61651
6374 61647
6375 61748
6376 61806
6377 61791
6378 61757
6379 61756
6380 61766
6381 61828
6382 61829
6383 61891
6384 61915
6385 61951
6386 61993
6387 61979
6388 61953
6389 62002
6390 62010
6391 61995
6392 62026
6393 62065
6394 62114
6395 62140
6396 62182
6397 62241
6398 62300
6399 62375
