0 310448
1 310448
2 310448
3 310448
4 310448
5 310448
6 310448
7 310448
8 310448
9 310448
10 310448
11 310448
12 310448
13 310448
14 310448
15 310448
16 310148
17 310148
18 310148
19 310148
20 309772
21 309512
22 309488
23 304808
24 304948
25 304948
26 304948
27 305208
28 296368
29 296628
30 296888
31 297148
32 297408
33 297668
34 297928
35 298188
36 298448
37 298708
38 298708
39 298968
40 299228
41 299488
42 299748
43 296108
44 296368
45 296628
46 296888
47 301308
48 301568
49 301828
50 301780
51 302040
52 302300
53 298140
54 298400
55 298652
56 303332
57 303332
58 303592
59 299432
60 303852
61 304112
62 300732
63 304632
64 304892
65 305152
66 305932
67 303852
68 304372
69 304892
70 305412
71 307232
72 306864
73 307384
74 307644
75 307608
76 307868
77 308388
78 308648
79 308908
80 305096
81 306636
82 306636
83 306636
84 306636
85 306536
86 306536
87 306536
88 306536
89 306536
90 306536
91 306536
92 306536
93 306536
94 306536
95 306536
96 306220
97 306220
98 306220
99 306220
100 305880
101 305620
102 305504
103 301084
104 301280
105 301380
106 301380
107 301380
108 292180
109 292440
110 292700
111 292960
112 293220
113 293480
114 293840
115 294100
116 294360
117 294620
118 294880
119 295140
120 295400
121 295660
122 295920
123 292020
124 292280
125 292540
126 292800
127 297220
128 297480
129 297640
130 297696
131 297956
132 298216
133 293956
134 294216
135 294476
136 299156
137 299416
138 299676
139 295516
140 299936
141 300196
142 296816
143 300716
144 300976
145 301236
146 301756
147 299676
148 300296
149 300816
150 301336
151 303156
152 302864
153 303384
154 303644
155 303536
156 303796
157 304316
158 304576
159 304836
160 303252
161 303512
162 305152
163 305152
164 305152
165 304892
166 304892
167 304792
168 304792
169 304792
170 304792
171 304892
172 304892
173 304892
174 304892
175 304792
176 304276
177 304276
178 304276
179 304276
180 304016
181 303856
182 303828
183 298508
184 298536
185 298696
186 298696
187 299596
188 289976
189 290236
190 290496
191 290756
192 291016
193 291276
194 291796
195 292056
196 292316
197 292576
198 292836
199 293096
200 293356
201 293616
202 293876
203 289976
204 290236
205 290496
206 290756
207 295176
208 295436
209 295436
210 295700
211 295960
212 296320
213 291900
214 292160
215 292320
216 297100
217 296460
218 296620
219 292460
220 296880
221 297140
222 293940
223 298020
224 298460
225 298900
226 299600
227 297520
228 298300
229 298820
230 299340
231 301160
232 300996
233 301516
234 301776
235 301692
236 301952
237 302472
238 302732
239 302992
240 333612
241 333872
242 334392
243 336292
244 336292
245 336292
246 336292
247 335772
248 336292
249 336292
250 336292
251 336292
252 336292
253 336292
254 336292
255 335772
256 335360
257 335360
258 335360
259 335360
260 335360
261 335620
262 335620
263 331160
264 331160
265 329600
266 329600
267 330900
268 319920
269 320180
270 320440
271 320700
272 320960
273 321220
274 321480
275 321740
276 322000
277 322260
278 322520
279 322780
280 323040
281 323300
282 323560
283 321800
284 322060
285 322320
286 322580
287 325900
288 326260
289 326520
290 326332
291 325452
292 327272
293 324472
294 323692
295 323432
296 327272
297 326332
298 325972
299 323272
300 326312
301 326572
302 324572
303 327612
304 328132
305 328652
306 330212
307 328852
308 329292
309 329472
310 329912
311 331252
312 331156
313 331676
314 331936
315 332132
316 332392
317 332832
318 333092
319 333352
320 308420
321 308680
322 309040
323 309660
324 311560
325 311560
326 311560
327 311260
328 311560
329 311560
330 311560
331 311560
332 311560
333 311560
334 311560
335 311260
336 310928
337 310928
338 310928
339 310928
340 310928
341 310968
342 310968
343 305248
344 305248
345 303908
346 303908
347 305208
348 294808
349 295068
350 295328
351 295588
352 295848
353 296108
354 296368
355 296628
356 296888
357 297148
358 297408
359 297668
360 297928
361 298188
362 298448
363 295848
364 296108
365 296368
366 296628
367 300788
368 301568
369 301828
370 301832
371 300532
372 302132
373 298492
374 297712
375 297672
376 302132
377 301612
378 301052
379 297932
380 302092
381 301832
382 298452
383 302612
384 303132
385 303652
386 305212
387 303132
388 303652
389 303912
390 304432
391 306252
392 306188
393 306708
394 306968
395 306860
396 307120
397 307640
398 307900
399 308160
400 321008
401 321268
402 321788
403 322408
404 323028
405 324928
406 324928
407 324928
408 324928
409 324928
410 324928
411 324928
412 324928
413 324928
414 324928
415 324928
416 324672
417 324672
418 324672
419 323632
420 323632
421 324412
422 324412
423 318552
424 318552
425 317512
426 317512
427 317772
428 307472
429 307732
430 307992
431 308252
432 308512
433 308772
434 309032
435 309292
436 309552
437 309812
438 310072
439 310332
440 310592
441 310852
442 311112
443 308152
444 308412
445 308672
446 308932
447 313452
448 314012
449 314272
450 314156
451 313076
452 315416
453 311416
454 310636
455 309856
456 315416
457 314676
458 313596
459 309896
460 314236
461 314196
462 310996
463 315156
464 315676
465 316196
466 317756
467 315676
468 316196
469 316456
470 316976
471 318796
472 318696
473 319216
474 319476
475 319448
476 319708
477 320228
478 320488
479 320748
480 304024
481 304284
482 304644
483 305264
484 305884
485 306504
486 308404
487 308404
488 308404
489 308404
490 308404
491 308404
492 308404
493 308404
494 308404
495 308404
496 308012
497 308012
498 308012
499 307512
500 307472
501 307712
502 307696
503 301736
504 301792
505 300752
506 300752
507 300752
508 290352
509 290612
510 290872
511 291132
512 291392
513 291652
514 291912
515 292172
516 292432
517 292692
518 292952
519 293212
520 293472
521 293732
522 293992
523 290872
524 291132
525 291392
526 291652
527 297372
528 297632
529 297892
530 297892
531 296072
532 297872
533 293712
534 292932
535 292692
536 297872
537 298672
538 297392
539 294272
540 298692
541 297912
542 294632
543 298632
544 298992
545 299352
546 300752
547 298672
548 299192
549 299452
550 299972
551 301792
552 301860
553 302380
554 302640
555 302464
556 302724
557 303244
558 303504
559 303764
560 323228
561 323488
562 323748
563 324108
564 324468
565 324828
566 325448
567 327348
568 327348
569 327348
570 327348
571 327348
572 327348
573 327348
574 327348
575 327348
576 326964
577 326964
578 326964
579 326964
580 326964
581 326704
582 326704
583 321784
584 321784
585 321784
586 321784
587 321264
588 310604
589 310864
590 311124
591 311384
592 311644
593 311904
594 312164
595 312424
596 312684
597 312944
598 313204
599 313464
600 313724
601 313984
602 314244
603 310084
604 310344
605 310604
606 310864
607 316044
608 316304
609 316564
610 316320
611 316080
612 316860
613 312700
614 312960
615 313220
616 317900
617 318660
618 318420
619 314760
620 318660
621 318420
622 315040
623 318940
624 319200
625 319460
626 320240
627 318160
628 318680
629 319200
630 319720
631 321540
632 321152
633 321412
634 321672
635 321668
636 321928
637 322448
638 322708
639 322968
640 303928
641 304188
642 304448
643 304968
644 305668
645 306368
646 307148
647 307928
648 309988
649 309988
650 309988
651 309988
652 309988
653 309988
654 309988
655 309988
656 309860
657 309860
658 309860
659 309860
660 309860
661 309600
662 309600
663 309600
664 309600
665 309600
666 308040
667 308460
668 291560
669 291820
670 293640
671 293900
672 294160
673 294420
674 293120
675 293380
676 293640
677 293900
678 294160
679 294420
680 294680
681 294940
682 295200
683 295460
684 295720
685 295980
686 296240
687 298060
688 298320
689 298580
690 298548
691 298808
692 298648
693 298908
694 299168
695 299428
696 299688
697 301508
698 300208
699 302028
700 301148
701 299848
702 300108
703 300368
704 300628
705 300888
706 302288
707 302548
708 302808
709 303068
710 303328
711 303588
712 302324
713 302584
714 302844
715 302628
716 302888
717 303148
718 303408
719 303668
720 309920
721 310180
722 310440
723 310800
724 311420
725 312040
726 312660
727 313280
728 313900
729 315700
730 315700
731 315700
732 315700
733 315700
734 315700
735 315700
736 315112
737 315112
738 315112
739 315112
740 315112
741 314852
742 314852
743 314852
744 314852
745 314852
746 314252
747 313292
748 297092
749 297352
750 298212
751 298444
752 298704
753 298964
754 298624
755 298884
756 299144
757 299404
758 299664
759 299924
760 300184
761 300444
762 300704
763 300964
764 301224
765 301484
766 301744
767 302604
768 302864
769 303124
770 303120
771 303380
772 304600
773 304860
774 305120
775 305380
776 305640
777 306500
778 306160
779 307020
780 305720
781 305380
782 305640
783 305900
784 306160
785 306420
786 308240
787 308500
788 308760
789 309020
790 309280
791 309540
792 308136
793 308396
794 308656
795 308620
796 308880
797 309140
798 309400
799 309660
800 307628
801 307888
802 308148
803 308668
804 309448
805 310228
806 311008
807 311788
808 312568
809 313088
810 314888
811 314888
812 314888
813 314888
814 314888
815 314888
816 314720
817 314720
818 314720
819 314720
820 314696
821 314436
822 314432
823 314432
824 314460
825 314460
826 312900
827 312640
828 294960
829 295220
830 297040
831 297148
832 297408
833 297668
834 296368
835 296628
836 296888
837 297148
838 297668
839 297928
840 297928
841 298448
842 298708
843 298708
844 299228
845 299488
846 299748
847 301568
848 301828
849 302088
850 301868
851 302388
852 302908
853 303168
854 303428
855 303688
856 303948
857 305768
858 304468
859 306288
860 304728
861 303428
862 303688
863 303948
864 304208
865 304468
866 306548
867 306808
868 307068
869 307328
870 307588
871 307848
872 306060
873 306320
874 306580
875 306328
876 306588
877 306848
878 307108
879 307368
880 319724
881 319984
882 320504
883 321124
884 321744
885 322364
886 322864
887 323384
888 324024
889 324544
890 325064
891 326864
892 326864
893 326864
894 326864
895 326864
896 326768
897 326768
898 326768
899 326768
900 326768
901 326508
902 326508
903 326508
904 326508
905 326508
906 326108
907 323908
908 307128
909 307388
910 308048
911 308148
912 308408
913 308668
914 308528
915 308788
916 309048
917 309308
918 309828
919 310088
920 310088
921 310608
922 310868
923 310868
924 311388
925 311648
926 311908
927 312568
928 312828
929 313088
930 312756
931 313276
932 315736
933 315996
934 316256
935 316516
936 316776
937 317436
938 317296
939 317956
940 315616
941 315476
942 315736
943 315996
944 316256
945 316516
946 319376
947 319636
948 319896
949 320156
950 320416
951 320676
952 318080
953 318340
954 318600
955 318424
956 318684
957 318944
958 319204
959 319464
960 340132
961 340392
962 340912
963 341688
964 342464
965 343244
966 343712
967 344232
968 345064
969 345584
970 346104
971 346624
972 348424
973 348424
974 348424
975 348424
976 348288
977 348288
978 348288
979 348288
980 348288
981 348288
982 348288
983 348288
984 348288
985 348288
986 348288
987 345428
988 328788
989 329048
990 329308
991 329144
992 329404
993 329664
994 329924
995 330184
996 330444
997 330704
998 331224
999 331484
1000 331484
1001 330972
1002 331232
1003 327852
1004 328372
1005 328632
1006 329924
1007 333564
1008 333824
1009 334084
1010 333572
1011 334092
1012 336180
1013 336440
1014 336700
1015 336960
1016 338252
1017 338512
1018 337740
1019 339032
1020 336432
1021 336692
1022 336952
1023 337212
1024 336180
1025 336440
1026 339560
1027 339820
1028 340080
1029 340340
1030 340600
1031 340860
1032 338048
1033 338308
1034 338568
1035 338572
1036 338832
1037 339352
1038 339612
1039 339872
1040 304140
1041 304400
1042 304920
1043 305700
1044 306480
1045 307260
1046 307728
1047 308248
1048 309080
1049 309600
1050 310120
1051 310640
1052 311160
1053 312960
1054 312960
1055 312960
1056 312428
1057 312428
1058 312428
1059 312428
1060 312428
1061 312428
1062 312428
1063 312428
1064 312428
1065 312428
1066 312428
1067 309308
1068 292408
1069 292668
1070 292928
1071 292824
1072 293084
1073 293344
1074 293604
1075 293864
1076 294124
1077 294384
1078 294904
1079 295164
1080 295164
1081 294644
1082 294904
1083 291524
1084 292044
1085 292304
1086 293604
1087 297244
1088 297504
1089 297764
1090 297660
1091 298180
1092 300520
1093 300780
1094 301040
1095 301300
1096 302600
1097 302860
1098 302080
1099 303380
1100 300520
1101 300780
1102 301040
1103 301300
1104 300260
1105 300520
1106 303900
1107 304160
1108 304420
1109 304680
1110 304940
1111 305200
1112 302260
1113 302520
1114 302780
1115 302580
1116 302840
1117 303360
1118 303620
1119 303880
1120 311092
1121 311352
1122 311668
1123 312188
1124 312620
1125 313140
1126 313592
1127 314112
1128 314992
1129 315512
1130 316032
1131 316552
1132 317072
1133 317592
1134 319492
1135 319492
1136 318784
1137 318784
1138 318784
1139 318784
1140 318784
1141 318784
1142 318784
1143 318784
1144 318684
1145 318684
1146 318684
1147 315304
1148 298144
1149 298404
1150 298664
1151 298664
1152 298924
1153 299184
1154 299444
1155 299704
1156 299964
1157 300224
1158 300744
1159 301004
1160 301004
1161 301524
1162 301784
1163 298404
1164 298924
1165 299184
1166 299444
1167 303084
1168 303344
1169 303704
1170 303532
1171 303952
1172 307592
1173 307852
1174 308112
1175 308372
1176 308632
1177 308892
1178 309152
1179 309412
1180 306292
1181 306552
1182 306812
1183 307072
1184 307072
1185 307332
1186 310972
1187 310972
1188 311232
1189 311492
1190 311752
1191 312012
1192 308832
1193 309352
1194 309612
1195 309532
1196 309792
1197 310312
1198 310572
1199 310832
1200 318952
1201 319212
1202 319428
1203 319688
1204 319668
1205 319928
1206 320152
1207 320436
1208 321340
1209 321860
1210 322380
1211 322900
1212 323420
1213 323940
1214 324720
1215 326780
1216 326220
1217 326220
1218 326220
1219 326220
1220 326172
1221 326172
1222 326220
1223 326220
1224 325700
1225 325700
1226 325700
1227 325700
1228 308440
1229 308700
1230 308960
1231 308800
1232 309060
1233 309320
1234 309580
1235 309840
1236 310100
1237 310360
1238 308592
1239 308852
1240 309012
1241 309372
1242 309632
1243 306412
1244 306772
1245 307032
1246 307292
1247 310932
1248 311192
1249 311972
1250 312012
1251 312372
1252 314240
1253 314500
1254 314760
1255 315020
1256 315280
1257 315540
1258 315800
1259 316060
1260 316320
1261 316580
1262 316840
1263 317100
1264 317100
1265 317360
1266 317620
1267 317620
1268 317880
1269 318140
1270 318400
1271 318660
1272 316716
1273 317236
1274 317496
1275 317392
1276 317652
1277 318172
1278 318432
1279 318692
1280 297592
1281 297852
1282 297784
1283 298044
1284 298200
1285 298460
1286 298896
1287 299332
1288 300284
1289 300804
1290 301324
1291 301844
1292 302364
1293 302608
1294 303128
1295 303924
1296 305300
1297 305300
1298 305300
1299 305300
1300 305264
1301 305264
1302 305300
1303 305300
1304 305300
1305 305300
1306 305300
1307 305300
1308 287880
1309 288140
1310 288400
1311 288540
1312 288800
1313 289060
1314 289320
1315 289580
1316 289840
1317 290100
1318 287668
1319 287928
1320 288188
1321 288448
1322 288708
1323 285588
1324 285848
1325 286108
1326 286368
1327 290008
1328 290268
1329 290528
1330 290788
1331 291048
1332 294000
1333 294260
1334 294520
1335 294780
1336 295040
1337 295300
1338 295560
1339 295820
1340 296080
1341 296340
1342 296600
1343 296860
1344 296860
1345 297120
1346 297380
1347 297380
1348 297640
1349 297900
1350 298160
1351 298420
1352 295504
1353 296024
1354 296284
1355 296032
1356 296292
1357 296812
1358 297072
1359 297332
1360 320352
1361 320612
1362 320572
1363 320832
1364 321000
1365 321260
1366 321772
1367 322292
1368 323212
1369 323732
1370 324252
1371 324772
1372 325292
1373 325296
1374 325816
1375 326852
1376 326872
1377 328672
1378 328672
1379 328672
1380 328672
1381 328672
1382 328672
1383 328672
1384 328672
1385 328672
1386 328672
1387 328672
1388 310992
1389 311252
1390 311512
1391 311672
1392 311932
1393 312192
1394 312452
1395 312712
1396 312972
1397 313232
1398 310372
1399 310632
1400 310892
1401 311152
1402 311412
1403 310052
1404 310312
1405 310572
1406 310832
1407 312712
1408 312972
1409 313232
1410 313208
1411 313468
1412 316848
1413 317108
1414 317368
1415 317628
1416 317888
1417 318148
1418 318408
1419 318668
1420 318928
1421 319188
1422 319448
1423 319708
1424 319868
1425 320128
1426 320388
1427 320388
1428 320648
1429 320908
1430 321168
1431 321428
1432 318188
1433 318708
1434 318968
1435 318792
1436 319052
1437 319572
1438 319832
1439 320092
1440 316300
1441 316560
1442 316488
1443 316748
1444 317004
1445 317264
1446 317784
1447 318304
1448 319160
1449 319680
1450 320200
1451 320720
1452 321240
1453 321404
1454 321924
1455 322800
1456 322800
1457 323320
1458 325120
1459 325120
1460 325120
1461 325120
1462 325120
1463 325120
1464 325120
1465 325120
1466 325120
1467 325120
1468 307180
1469 307440
1470 307700
1471 307932
1472 308192
1473 308452
1474 308712
1475 308972
1476 309232
1477 309492
1478 306372
1479 306632
1480 306892
1481 307152
1482 307412
1483 306452
1484 306712
1485 306972
1486 307232
1487 308712
1488 308972
1489 309232
1490 309216
1491 309476
1492 313116
1493 313376
1494 313636
1495 313896
1496 314156
1497 314416
1498 314676
1499 314936
1500 315196
1501 315456
1502 315716
1503 315976
1504 316236
1505 316496
1506 316756
1507 317016
1508 317176
1509 317176
1510 317436
1511 317696
1512 314140
1513 314660
1514 314920
1515 314740
1516 315000
1517 315520
1518 315780
1519 316040
1520 309180
1521 309440
1522 309292
1523 309552
1524 309804
1525 310064
1526 310316
1527 310576
1528 311520
1529 312040
1530 312560
1531 313080
1532 313600
1533 313604
1534 314124
1535 315160
1536 315460
1537 315980
1538 316500
1539 318300
1540 318300
1541 318300
1542 318300
1543 318300
1544 318300
1545 318300
1546 318300
1547 318300
1548 300100
1549 300360
1550 300620
1551 300880
1552 301140
1553 301400
1554 301660
1555 301920
1556 302180
1557 302440
1558 299580
1559 299840
1560 300100
1561 300360
1562 300620
1563 298540
1564 298800
1565 299060
1566 299320
1567 301920
1568 302180
1569 302440
1570 302440
1571 302700
1572 306080
1573 306340
1574 306600
1575 306860
1576 307120
1577 307380
1578 307640
1579 307900
1580 308160
1581 308420
1582 308680
1583 308940
1584 309200
1585 309460
1586 309720
1587 309980
1588 309980
1589 310140
1590 310400
1591 310660
1592 307204
1593 307564
1594 307824
1595 307620
1596 307880
1597 308400
1598 308660
1599 308920
1600 306092
1601 306352
1602 306528
1603 306788
1604 307036
1605 307296
1606 307556
1607 307816
1608 308272
1609 308632
1610 308992
1611 309352
1612 309712
1613 309716
1614 310076
1615 310792
1616 310884
1617 311244
1618 311604
1619 311964
1620 313604
1621 313604
1622 313604
1623 313604
1624 313604
1625 313604
1626 313604
1627 313604
1628 295144
1629 295404
1630 295664
1631 295924
1632 296184
1633 296444
1634 296704
1635 296964
1636 297224
1637 297484
1638 296444
1639 296704
1640 296964
1641 297224
1642 297484
1643 294364
1644 294624
1645 294884
1646 295144
1647 298784
1648 299044
1649 299304
1650 299304
1651 299564
1652 301124
1653 301384
1654 301644
1655 301904
1656 302164
1657 302424
1658 302684
1659 302944
1660 303204
1661 303464
1662 303724
1663 303984
1664 303984
1665 304244
1666 304504
1667 304764
1668 305024
1669 305284
1670 305544
1671 305804
1672 304236
1673 304496
1674 304756
1675 304532
1676 304792
1677 305312
1678 305572
1679 305832
1680 336344
1681 336344
1682 336384
1683 336644
1684 336904
1685 337164
1686 337524
1687 337684
1688 338064
1689 338324
1690 338684
1691 338844
1692 337024
1693 337028
1694 337548
1695 338684
1696 338988
1697 339408
1698 339928
1699 340448
1700 340968
1701 342968
1702 342968
1703 342968
1704 342968
1705 342968
1706 342968
1707 342968
1708 324248
1709 324508
1710 324768
1711 324976
1712 325236
1713 325396
1714 325756
1715 326016
1716 326276
1717 326536
1718 326696
1719 326856
1720 327216
1721 327376
1722 327636
1723 325156
1724 325416
1725 325676
1726 325936
1727 328936
1728 329296
1729 329456
1730 329240
1731 329500
1732 329760
1733 330020
1734 330280
1735 330540
1736 330800
1737 331060
1738 331320
1739 331580
1740 331840
1741 332100
1742 332360
1743 332620
1744 332880
1745 333140
1746 333300
1747 333660
1748 333760
1749 334020
1750 334280
1751 334640
1752 334196
1753 334556
1754 334816
1755 334784
1756 335044
1757 335464
1758 335724
1759 335984
1760 330280
1761 330280
1762 330516
1763 330256
1764 330516
1765 330776
1766 331556
1767 331296
1768 331580
1769 331840
1770 332620
1771 332360
1772 330280
1773 330284
1774 330804
1775 332360
1776 332380
1777 332380
1778 332900
1779 333420
1780 333940
1781 334980
1782 337300
1783 337300
1784 337300
1785 337300
1786 337300
1787 337300
1788 318320
1789 318580
1790 318840
1791 318988
1792 319248
1793 319508
1794 319768
1795 320028
1796 320288
1797 320548
1798 320808
1799 320548
1800 321328
1801 321068
1802 320808
1803 319448
1804 319708
1805 320488
1806 320748
1807 322108
1808 322888
1809 322628
1810 322604
1811 322864
1812 323124
1813 323384
1814 323644
1815 323904
1816 324164
1817 324424
1818 324684
1819 324944
1820 325204
1821 325464
1822 325724
1823 325984
1824 326764
1825 327024
1826 326764
1827 327544
1828 327624
1829 327884
1830 328144
1831 328924
1832 328288
1833 328548
1834 328808
1835 328800
1836 329060
1837 328980
1838 329240
1839 330020
1840 329312
1841 329312
1842 329572
1843 329532
1844 329792
1845 330052
1846 330612
1847 330572
1848 330832
1849 331092
1850 331652
1851 331612
1852 329272
1853 329972
1854 330492
1855 331192
1856 331312
1857 331832
1858 332352
1859 332872
1860 333248
1861 333868
1862 334632
1863 336532
1864 336532
1865 336532
1866 336532
1867 336172
1868 316932
1869 317192
1870 317452
1871 317568
1872 317828
1873 318088
1874 318348
1875 318608
1876 318868
1877 319128
1878 319388
1879 319348
1880 319908
1881 319868
1882 320128
1883 320388
1884 320648
1885 320908
1886 321528
1887 321788
1888 322348
1889 322308
1890 322304
1891 322564
1892 322464
1893 322724
1894 322984
1895 323244
1896 323504
1897 323764
1898 324024
1899 324284
1900 324544
1901 324804
1902 325064
1903 325324
1904 325584
1905 325844
1906 326104
1907 326364
1908 326624
1909 326884
1910 327444
1911 327704
1912 327536
1913 327796
1914 328056
1915 328012
1916 328272
1917 328232
1918 328492
1919 329052
1920 318804
1921 319324
1922 319584
1923 318284
1924 318544
1925 319324
1926 320624
1927 320884
1928 320104
1929 319844
1930 321144
1931 320364
1932 317764
1933 318284
1934 318804
1935 319844
1936 319636
1937 319636
1938 320156
1939 320676
1940 321196
1941 322236
1942 323276
1943 324056
1944 326116
1945 326116
1946 326116
1947 326116
1948 306616
1949 306876
1950 307136
1951 307368
1952 307628
1953 307888
1954 308148
1955 308408
1956 308668
1957 308928
1958 309188
1959 309448
1960 309708
1961 308928
1962 308668
1963 308928
1964 309188
1965 309968
1966 310228
1967 309968
1968 311268
1969 311528
1970 310672
1971 310932
1972 311192
1973 311452
1974 311712
1975 311972
1976 312232
1977 312492
1978 312752
1979 313012
1980 313272
1981 313532
1982 313792
1983 314052
1984 314832
1985 315092
1986 314832
1987 315612
1988 315872
1989 316132
1990 316912
1991 317692
1992 316980
1993 317240
1994 317500
1995 317504
1996 317764
1997 316984
1998 317244
1999 318544
2000 327376
2001 327636
2002 327896
2003 327756
2004 328016
2005 328016
2006 328676
2007 328936
2008 328796
2009 329056
2010 329716
2011 329576
2012 326716
2013 327236
2014 327756
2015 328276
2016 328288
2017 328808
2018 329328
2019 329848
2020 330248
2021 330868
2022 331608
2023 332228
2024 332848
2025 334648
2026 334648
2027 334648
2028 314888
2029 315148
2030 315408
2031 315604
2032 315864
2033 316124
2034 316384
2035 316644
2036 316904
2037 317164
2038 317424
2039 317684
2040 317944
2041 317804
2042 318064
2043 318324
2044 318584
2045 318844
2046 319104
2047 319364
2048 320024
2049 320284
2050 319980
2051 320240
2052 320500
2053 320760
2054 321020
2055 321280
2056 321540
2057 321800
2058 322060
2059 322320
2060 322580
2061 322840
2062 323100
2063 323360
2064 323620
2065 323880
2066 324140
2067 324400
2068 324660
2069 324920
2070 325580
2071 325840
2072 325552
2073 325812
2074 326072
2075 326076
2076 326336
2077 326196
2078 326456
2079 327116
2080 326808
2081 327068
2082 327328
2083 326548
2084 326808
2085 326968
2086 328268
2087 328528
2088 327748
2089 328008
2090 329308
2091 328528
2092 325728
2093 326088
2094 326448
2095 326808
2096 326708
2097 327228
2098 327748
2099 328268
2100 328508
2101 329288
2102 330348
2103 331128
2104 331908
2105 332428
2106 334228
2107 334228
2108 314208
2109 314468
2110 314728
2111 314912
2112 315172
2113 315432
2114 315692
2115 315952
2116 316212
2117 316472
2118 316732
2119 316992
2120 317252
2121 316472
2122 316732
2123 316992
2124 317252
2125 317512
2126 317772
2127 318032
2128 319332
2129 319592
2130 318620
2131 319920
2132 320180
2133 319400
2134 319660
2135 319920
2136 320180
2137 320440
2138 320700
2139 320960
2140 321220
2141 321480
2142 321740
2143 322000
2144 322260
2145 322520
2146 322780
2147 323040
2148 323300
2149 323560
2150 324860
2151 325120
2152 324984
2153 325244
2154 325504
2155 325508
2156 325768
2157 324988
2158 325248
2159 326548
2160 319304
2161 320084
2162 320344
2163 319684
2164 319944
2165 320724
2166 321384
2167 321644
2168 321504
2169 321764
2170 322424
2171 322284
2172 319424
2173 319684
2174 319424
2175 320204
2176 319968
2177 319968
2178 320488
2179 321008
2180 321528
2181 322408
2182 323288
2183 323908
2184 324528
2185 325048
2186 325568
2187 327368
2188 307088
2189 307348
2190 307608
2191 307844
2192 308104
2193 308364
2194 308624
2195 308884
2196 309144
2197 309404
2198 309664
2199 309924
2200 310184
2201 310044
2202 309784
2203 310044
2204 310304
2205 311084
2206 311344
2207 311084
2208 311744
2209 312004
2210 311744
2211 312404
2212 312664
2213 313044
2214 313304
2215 313564
2216 313824
2217 314084
2218 314344
2219 314084
2220 314864
2221 315124
2222 314864
2223 315124
2224 315904
2225 316164
2226 316424
2227 316684
2228 316944
2229 317204
2230 317344
2231 318124
2232 317480
2233 317740
2234 318000
2235 318004
2236 318264
2237 318124
2238 318384
2239 319044
2240 224432
2241 224952
2242 224952
2243 223392
2244 223392
2245 223912
2246 224952
2247 224952
2248 223912
2249 223912
2250 224952
2251 223912
2252 220532
2253 220532
2254 220012
2255 220532
2256 220268
2257 220008
2258 220268
2259 220528
2260 220788
2261 221568
2262 222348
2263 222868
2264 223388
2265 223648
2266 223908
2267 224168
2268 225712
2269 225712
2270 225712
2271 225712
2272 225712
2273 225712
2274 225712
2275 225712
2276 225712
2277 225712
2278 225712
2279 225712
2280 225712
2281 224672
2282 224152
2283 224152
2284 224152
2285 224672
2286 224672
2287 224152
2288 225192
2289 225192
2290 224016
2291 225056
2292 225056
2293 224536
2294 224536
2295 224536
2296 224536
2297 225576
2298 225576
2299 225056
2300 225576
2301 224536
2302 224016
2303 224016
2304 224536
2305 224536
2306 224536
2307 224536
2308 224356
2309 225396
2310 224876
2311 225396
2312 224508
2313 224508
2314 224508
2315 224252
2316 224252
2317 223392
2318 223392
2319 224432
2320 228508
2321 229028
2322 229028
2323 228108
2324 228108
2325 228628
2326 229028
2327 229028
2328 228628
2329 228628
2330 229028
2331 228628
2332 224988
2333 224988
2334 224468
2335 224988
2336 225072
2337 224812
2338 225072
2339 225332
2340 225592
2341 226212
2342 226832
2343 227192
2344 227552
2345 227812
2346 228072
2347 228332
2348 228592
2349 230136
2350 230136
2351 230136
2352 230136
2353 230136
2354 230136
2355 230136
2356 230136
2357 230136
2358 230136
2359 230136
2360 230136
2361 229736
2362 229216
2363 229216
2364 229216
2365 229736
2366 229736
2367 229216
2368 229616
2369 229616
2370 228900
2371 229300
2372 229300
2373 229420
2374 229420
2375 229420
2376 229420
2377 229820
2378 229820
2379 229300
2380 229820
2381 229420
2382 228900
2383 228900
2384 229420
2385 229420
2386 229420
2387 229420
2388 229160
2389 229560
2390 229040
2391 229560
2392 228620
2393 228620
2394 228620
2395 228248
2396 228248
2397 228108
2398 228108
2399 228508
2400 203696
2401 204216
2402 204216
2403 202656
2404 202656
2405 203176
2406 204216
2407 204216
2408 203176
2409 203176
2410 204216
2411 203176
2412 201676
2413 201676
2414 201156
2415 201676
2416 201332
2417 200912
2418 201012
2419 201112
2420 201212
2421 201832
2422 202452
2423 202812
2424 203172
2425 203272
2426 203372
2427 203472
2428 203312
2429 203672
2430 205056
2431 205056
2432 205056
2433 205056
2434 205056
2435 205056
2436 205056
2437 205056
2438 205056
2439 205056
2440 205056
2441 204016
2442 203496
2443 203496
2444 203496
2445 204016
2446 204016
2447 203496
2448 204536
2449 204536
2450 203496
2451 204536
2452 204536
2453 204016
2454 204016
2455 205056
2456 205056
2457 205056
2458 205056
2459 204536
2460 205056
2461 204016
2462 203496
2463 203496
2464 204016
2465 204016
2466 204016
2467 204016
2468 203756
2469 204796
2470 204276
2471 204796
2472 203948
2473 203948
2474 203948
2475 203436
2476 203436
2477 202656
2478 202656
2479 203696
2480 210864
2481 211384
2482 211384
2483 210464
2484 210464
2485 210984
2486 211384
2487 211384
2488 210984
2489 210984
2490 211384
2491 210984
2492 210984
2493 210984
2494 210464
2495 210724
2496 210448
2497 209928
2498 209928
2499 207068
2500 207328
2501 210288
2502 210648
2503 210748
2504 210848
2505 210848
2506 210848
2507 210848
2508 209808
2509 210328
2510 210848
2511 212392
2512 212392
2513 212392
2514 212392
2515 212392
2516 212392
2517 212392
2518 212392
2519 212392
2520 212392
2521 211992
2522 211472
2523 211472
2524 211472
2525 211992
2526 211992
2527 211472
2528 211872
2529 211872
2530 211472
2531 211872
2532 211872
2533 211992
2534 211992
2535 212392
2536 212392
2537 212392
2538 212392
2539 211872
2540 212392
2541 211992
2542 211472
2543 211472
2544 211992
2545 211992
2546 211992
2547 211992
2548 211732
2549 212132
2550 211612
2551 212132
2552 211116
2553 211116
2554 211116
2555 210604
2556 210604
2557 210464
2558 210464
2559 210864
2560 209620
2561 209980
2562 209980
2563 208580
2564 208580
2565 208940
2566 209980
2567 209980
2568 208940
2569 208940
2570 209980
2571 208940
2572 208940
2573 208940
2574 208580
2575 208680
2576 208208
2577 207848
2578 207848
2579 204728
2580 204988
2581 208288
2582 208728
2583 208988
2584 209248
2585 209248
2586 209248
2587 209248
2588 207688
2589 208208
2590 208728
2591 209248
2592 210792
2593 210792
2594 210792
2595 210792
2596 210792
2597 210792
2598 210792
2599 210792
2600 210792
2601 210792
2602 210432
2603 210432
2604 210432
2605 210792
2606 210792
2607 209392
2608 210432
2609 210432
2610 209392
2611 210432
2612 210432
2613 209752
2614 209752
2615 210792
2616 210792
2617 210792
2618 210792
2619 210432
2620 210792
2621 209752
2622 209212
2623 209212
2624 209572
2625 209572
2626 209572
2627 209572
2628 209492
2629 210532
2630 210172
2631 210532
2632 209872
2633 209872
2634 209872
2635 209360
2636 209360
2637 209620
2638 209620
2639 209620
2640 219200
2641 219200
2642 219200
2643 218160
2644 218160
2645 218160
2646 219200
2647 219200
2648 218160
2649 218160
2650 219200
2651 218160
2652 218160
2653 218160
2654 218160
2655 217900
2656 217608
2657 217608
2658 217608
2659 214228
2660 214488
2661 217868
2662 218128
2663 218388
2664 218648
2665 218648
2666 218648
2667 218648
2668 216568
2669 217088
2670 217608
2671 218128
2672 218648
2673 220192
2674 220192
2675 220192
2676 220192
2677 220192
2678 220192
2679 220192
2680 220192
2681 220192
2682 220192
2683 220192
2684 220192
2685 220192
2686 220192
2687 219152
2688 220192
2689 220192
2690 219116
2691 220156
2692 220156
2693 219116
2694 219116
2695 220156
2696 220156
2697 220156
2698 220156
2699 220156
2700 220156
2701 219116
2702 218856
2703 218856
2704 218856
2705 218856
2706 218856
2707 218856
2708 218856
2709 219896
2710 219896
2711 219896
2712 219420
2713 219420
2714 219420
2715 218940
2716 218940
2717 219200
2718 219200
2719 219200
2720 222940
2721 223460
2722 223460
2723 222220
2724 222220
2725 222740
2726 223460
2727 223460
2728 222740
2729 222740
2730 223460
2731 222740
2732 222740
2733 222740
2734 222740
2735 222480
2736 222008
2737 222008
2738 222008
2739 217848
2740 218108
2741 221928
2742 222368
2743 222548
2744 222728
2745 222728
2746 222728
2747 222728
2748 220128
2749 220648
2750 221168
2751 221688
2752 222208
2753 222728
2754 224272
2755 224272
2756 224272
2757 224272
2758 224272
2759 224272
2760 224272
2761 224272
2762 223752
2763 223752
2764 223752
2765 224272
2766 224272
2767 223552
2768 224272
2769 224272
2770 222932
2771 223652
2772 223652
2773 223452
2774 223452
2775 224172
2776 224172
2777 224172
2778 224172
2779 223652
2780 224172
2781 223452
2782 222672
2783 222672
2784 223192
2785 223192
2786 223192
2787 223192
2788 223192
2789 223912
2790 223912
2791 223912
2792 223616
2793 223616
2794 223616
2795 223200
2796 223200
2797 222940
2798 222940
2799 222940
2800 229576
2801 230096
2802 230096
2803 228536
2804 228536
2805 229056
2806 230096
2807 230096
2808 229056
2809 229056
2810 230096
2811 229056
2812 229056
2813 229056
2814 229056
2815 228796
2816 228484
2817 228484
2818 228484
2819 224064
2820 224324
2821 228484
2822 229004
2823 229264
2824 229524
2825 229524
2826 229524
2827 229524
2828 226404
2829 226924
2830 227444
2831 227964
2832 228484
2833 229004
2834 229524
2835 231068
2836 231068
2837 231068
2838 231068
2839 231068
2840 231068
2841 231068
2842 230548
2843 230548
2844 230548
2845 231068
2846 231068
2847 230028
2848 231068
2849 231068
2850 229360
2851 230400
2852 230400
2853 229880
2854 229880
2855 230920
2856 230920
2857 230920
2858 230920
2859 230400
2860 230920
2861 229880
2862 229360
2863 229360
2864 229880
2865 229880
2866 229880
2867 229880
2868 229880
2869 230920
2870 230920
2871 230920
2872 230464
2873 230464
2874 230464
2875 230096
2876 230096
2877 229576
2878 229576
2879 229576
2880 223056
2881 223576
2882 223576
2883 223056
2884 223056
2885 223576
2886 223576
2887 223576
2888 223576
2889 223576
2890 223576
2891 223576
2892 223576
2893 223576
2894 223576
2895 223316
2896 222968
2897 222968
2898 222968
2899 218288
2900 218428
2901 222588
2902 222836
2903 222836
2904 222968
2905 222968
2906 222968
2907 222968
2908 219328
2909 219848
2910 220368
2911 220888
2912 221408
2913 221928
2914 222448
2915 222968
2916 224512
2917 224512
2918 224512
2919 224512
2920 224512
2921 224512
2922 223992
2923 223992
2924 223992
2925 224512
2926 224512
2927 224512
2928 224512
2929 224512
2930 223772
2931 223772
2932 223772
2933 224292
2934 224292
2935 224232
2936 224232
2937 224232
2938 224232
2939 223712
2940 224232
2941 224232
2942 223532
2943 223532
2944 224052
2945 224052
2946 224052
2947 223952
2948 224052
2949 224052
2950 224052
2951 224052
2952 223796
2953 223796
2954 223796
2955 223396
2956 223396
2957 223056
2958 223056
2959 223056
2960 246396
2961 246916
2962 246916
2963 246396
2964 246396
2965 246916
2966 246916
2967 246916
2968 246916
2969 246916
2970 246916
2971 246916
2972 246916
2973 246916
2974 246916
2975 246736
2976 246684
2977 246684
2978 246684
2979 241824
2980 241980
2981 246320
2982 246572
2983 246572
2984 246604
2985 246604
2986 246604
2987 246604
2988 242444
2989 242964
2990 243484
2991 244004
2992 244524
2993 245044
2994 245564
2995 246084
2996 246604
2997 248148
2998 248148
2999 248148
3000 248148
3001 248148
3002 247628
3003 247628
3004 247628
3005 248148
3006 248148
3007 248148
3008 248148
3009 248148
3010 247228
3011 247228
3012 247228
3013 247748
3014 247748
3015 247748
3016 247748
3017 247748
3018 247748
3019 247228
3020 247748
3021 247748
3022 247048
3023 247048
3024 247568
3025 247568
3026 247568
3027 247308
3028 247568
3029 247568
3030 247568
3031 247568
3032 247096
3033 247096
3034 247096
3035 246736
3036 246736
3037 246396
3038 246396
3039 246396
3040 230252
3041 230252
3042 230252
3043 230252
3044 230252
3045 230252
3046 230252
3047 230252
3048 230252
3049 230252
3050 230252
3051 230252
3052 230252
3053 230252
3054 230252
3055 230252
3056 229976
3057 229976
3058 229976
3059 225556
3060 225504
3061 229664
3062 229628
3063 229628
3064 229716
3065 229716
3066 229716
3067 229716
3068 225036
3069 225556
3070 226076
3071 226596
3072 227116
3073 227636
3074 228156
3075 228676
3076 229196
3077 229716
3078 231260
3079 231260
3080 231260
3081 231260
3082 231260
3083 231260
3084 231260
3085 231260
3086 231260
3087 231260
3088 231260
3089 231260
3090 230936
3091 230936
3092 230936
3093 230936
3094 230936
3095 230912
3096 230912
3097 230912
3098 230912
3099 230912
3100 230912
3101 230912
3102 230912
3103 230912
3104 230912
3105 230912
3106 230912
3107 230912
3108 230912
3109 230912
3110 230912
3111 230912
3112 230656
3113 230656
3114 230656
3115 230252
3116 230252
3117 230252
3118 230252
3119 230252
3120 236208
3121 236208
3122 236208
3123 236208
3124 236208
3125 236208
3126 236208
3127 236208
3128 236208
3129 236208
3130 236208
3131 236208
3132 236208
3133 236208
3134 236208
3135 236208
3136 236068
3137 236068
3138 236068
3139 231388
3140 231388
3141 235808
3142 235808
3143 235808
3144 235808
3145 235808
3146 235808
3147 235808
3148 230608
3149 231128
3150 231648
3151 232168
3152 232688
3153 233208
3154 233728
3155 234248
3156 234768
3157 235288
3158 235808
3159 237352
3160 237352
3161 237352
3162 237352
3163 237352
3164 237352
3165 237352
3166 237352
3167 237352
3168 237352
3169 237352
3170 236980
3171 236980
3172 236980
3173 236980
3174 236980
3175 236956
3176 236956
3177 236956
3178 236956
3179 236956
3180 236956
3181 236956
3182 236956
3183 236956
3184 236956
3185 236956
3186 236956
3187 236776
3188 236956
3189 236956
3190 236956
3191 236956
3192 236608
3193 236608
3194 236608
3195 236208
3196 236208
3197 236208
3198 236208
3199 236208
3200 240472
3201 240472
3202 240472
3203 240472
3204 240472
3205 240472
3206 240472
3207 240472
3208 240472
3209 240472
3210 240472
3211 240472
3212 240472
3213 240472
3214 240472
3215 240472
3216 240284
3217 240284
3218 240284
3219 235344
3220 235316
3221 239996
3222 239996
3223 239996
3224 240024
3225 240024
3226 240024
3227 240024
3228 234304
3229 234824
3230 235344
3231 235864
3232 236384
3233 236904
3234 237424
3235 237944
3236 238464
3237 238984
3238 239504
3239 240024
3240 241568
3241 241568
3242 241568
3243 241568
3244 241568
3245 241568
3246 241568
3247 241568
3248 241568
3249 241568
3250 241304
3251 241304
3252 241304
3253 241304
3254 241304
3255 241304
3256 241304
3257 241304
3258 241304
3259 241304
3260 241304
3261 241304
3262 241304
3263 241304
3264 241304
3265 241304
3266 241304
3267 241044
3268 241304
3269 241304
3270 241304
3271 241304
3272 240840
3273 240840
3274 240840
3275 240472
3276 240472
3277 240472
3278 240472
3279 240472
3280 215424
3281 215424
3282 215424
3283 215424
3284 215424
3285 215424
3286 215424
3287 215424
3288 215424
3289 215424
3290 215424
3291 215424
3292 215424
3293 215424
3294 215424
3295 215424
3296 215104
3297 215104
3298 215104
3299 209904
3300 209904
3301 214844
3302 214844
3303 214844
3304 214844
3305 214844
3306 214844
3307 214844
3308 208604
3309 209124
3310 209644
3311 210164
3312 210684
3313 211204
3314 211724
3315 212244
3316 212764
3317 213284
3318 213804
3319 214324
3320 214844
3321 216388
3322 216388
3323 216388
3324 216388
3325 216388
3326 216388
3327 216388
3328 216388
3329 216388
3330 216260
3331 216260
3332 216260
3333 216260
3334 216260
3335 216208
3336 216208
3337 216208
3338 216208
3339 216208
3340 216208
3341 216208
3342 216208
3343 216208
3344 216208
3345 216208
3346 216208
3347 215948
3348 216208
3349 216208
3350 216208
3351 216208
3352 215952
3353 215952
3354 215952
3355 215424
3356 215424
3357 215424
3358 215424
3359 215424
3360 212696
3361 212696
3362 212696
3363 212696
3364 212696
3365 212696
3366 212696
3367 212696
3368 212696
3369 212696
3370 212696
3371 212696
3372 212696
3373 212696
3374 212696
3375 212696
3376 212416
3377 212416
3378 212416
3379 206956
3380 206956
3381 212156
3382 212156
3383 212156
3384 212156
3385 212156
3386 212156
3387 212156
3388 205396
3389 205916
3390 206436
3391 206956
3392 207476
3393 207996
3394 208516
3395 209036
3396 209556
3397 210076
3398 210596
3399 211116
3400 211636
3401 212156
3402 213700
3403 213700
3404 213700
3405 213700
3406 213700
3407 213700
3408 213700
3409 213700
3410 213588
3411 213588
3412 213588
3413 213588
3414 213588
3415 213504
3416 213504
3417 213504
3418 213504
3419 213504
3420 213504
3421 213504
3422 213504
3423 213504
3424 213504
3425 213504
3426 213504
3427 213244
3428 213504
3429 213504
3430 213504
3431 213504
3432 213228
3433 213228
3434 213228
3435 212696
3436 212696
3437 212696
3438 212696
3439 212696
3440 245344
3441 245344
3442 245344
3443 245344
3444 245344
3445 245344
3446 245344
3447 245344
3448 245344
3449 245344
3450 245344
3451 245344
3452 245344
3453 245344
3454 245344
3455 245344
3456 245252
3457 245252
3458 245252
3459 239532
3460 239532
3461 244992
3462 244992
3463 244992
3464 244992
3465 244992
3466 244992
3467 244992
3468 237712
3469 238232
3470 238752
3471 239272
3472 239792
3473 240312
3474 240832
3475 241352
3476 241872
3477 242392
3478 242912
3479 243432
3480 243952
3481 244472
3482 244992
3483 246636
3484 246636
3485 246636
3486 246636
3487 246636
3488 246636
3489 246636
3490 246300
3491 246300
3492 246200
3493 246300
3494 246300
3495 246300
3496 246300
3497 246300
3498 246300
3499 246300
3500 246300
3501 246300
3502 246200
3503 246200
3504 246200
3505 246200
3506 246200
3507 246100
3508 246200
3509 246200
3510 246300
3511 246300
3512 245852
3513 245852
3514 245852
3515 245444
3516 245344
3517 245344
3518 245344
3519 245344
3520 232884
3521 232884
3522 232884
3523 232884
3524 232884
3525 232884
3526 232884
3527 232884
3528 232884
3529 232884
3530 232884
3531 232884
3532 232884
3533 232884
3534 232884
3535 232884
3536 232652
3537 232652
3538 232652
3539 226672
3540 226672
3541 232392
3542 232392
3543 232392
3544 232392
3545 232392
3546 232392
3547 232392
3548 224592
3549 225112
3550 225632
3551 226152
3552 226672
3553 227192
3554 227712
3555 228232
3556 228752
3557 229272
3558 229792
3559 230312
3560 230832
3561 231352
3562 231872
3563 232652
3564 234456
3565 234456
3566 234456
3567 234456
3568 234456
3569 234456
3570 234252
3571 234252
3572 234252
3573 234252
3574 234252
3575 234248
3576 234248
3577 234248
3578 234248
3579 234248
3580 234248
3581 234248
3582 233728
3583 233728
3584 233728
3585 233728
3586 233728
3587 233728
3588 233728
3589 233728
3590 234248
3591 234248
3592 233900
3593 233900
3594 233900
3595 233404
3596 233404
3597 233404
3598 232884
3599 232884
3600 216156
3601 216156
3602 216156
3603 216156
3604 216156
3605 216156
3606 216156
3607 216156
3608 216156
3609 216156
3610 216156
3611 216156
3612 216156
3613 216156
3614 216156
3615 216156
3616 215852
3617 215852
3618 215852
3619 209612
3620 209612
3621 215592
3622 215592
3623 215592
3624 215592
3625 215592
3626 215592
3627 215592
3628 207272
3629 207792
3630 208312
3631 208832
3632 209352
3633 209872
3634 210392
3635 210912
3636 211432
3637 211952
3638 212472
3639 212992
3640 213512
3641 214032
3642 214552
3643 215172
3644 215792
3645 217336
3646 217336
3647 217336
3648 217336
3649 217336
3650 217276
3651 217276
3652 217276
3653 217276
3654 217276
3655 217272
3656 217272
3657 217272
3658 217272
3659 217272
3660 217272
3661 217272
3662 217072
3663 217072
3664 217072
3665 217072
3666 217072
3667 217072
3668 217072
3669 217072
3670 217272
3671 217272
3672 217016
3673 217016
3674 217016
3675 216356
3676 216356
3677 216356
3678 216156
3679 216156
3680 216688
3681 216688
3682 216688
3683 216688
3684 216688
3685 216688
3686 216688
3687 216688
3688 216688
3689 216688
3690 216688
3691 216688
3692 216688
3693 216688
3694 216688
3695 216688
3696 216380
3697 216380
3698 216380
3699 209880
3700 209880
3701 216120
3702 216120
3703 216120
3704 216120
3705 216120
3706 216120
3707 216120
3708 207280
3709 207800
3710 208320
3711 209360
3712 209880
3713 209880
3714 210400
3715 211440
3716 211960
3717 211960
3718 212480
3719 213000
3720 213520
3721 214040
3722 214560
3723 215340
3724 216120
3725 216640
3726 218184
3727 218184
3728 218184
3729 218184
3730 218136
3731 218136
3732 218136
3733 218136
3734 218136
3735 218132
3736 218132
3737 218132
3738 218132
3739 218132
3740 218132
3741 218132
3742 217612
3743 217612
3744 217612
3745 217612
3746 217612
3747 217612
3748 217612
3749 217612
3750 218132
3751 218132
3752 217876
3753 217876
3754 217876
3755 217208
3756 217208
3757 217208
3758 216688
3759 216688
3760 236764
3761 236764
3762 236764
3763 236764
3764 236764
3765 236764
3766 236740
3767 236740
3768 236764
3769 236764
3770 236764
3771 236764
3772 236764
3773 236764
3774 236764
3775 236764
3776 236364
3777 236364
3778 236364
3779 233764
3780 233764
3781 236104
3782 236104
3783 236104
3784 236104
3785 236104
3786 236104
3787 236104
3788 230904
3789 231424
3790 231944
3791 232292
3792 232552
3793 232612
3794 232872
3795 233332
3796 233592
3797 233652
3798 233912
3799 234172
3800 234432
3801 234692
3802 234952
3803 235312
3804 235672
3805 235932
3806 236192
3807 237732
3808 237732
3809 237732
3810 237732
3811 237732
3812 237732
3813 237732
3814 237732
3815 237732
3816 237732
3817 237732
3818 237732
3819 237732
3820 237732
3821 237732
3822 237532
3823 237532
3824 237532
3825 237532
3826 237532
3827 237532
3828 237532
3829 237532
3830 237732
3831 237732
3832 237432
3833 237432
3834 237432
3835 236964
3836 236964
3837 236964
3838 236764
3839 236764
3840 273836
3841 273836
3842 273804
3843 273804
3844 273796
3845 273796
3846 273736
3847 273736
3848 273836
3849 273836
3850 273836
3851 273836
3852 273836
3853 273836
3854 273836
3855 273836
3856 273752
3857 273752
3858 273752
3859 273752
3860 273720
3861 273204
3862 273176
3863 273176
3864 273236
3865 273236
3866 273236
3867 273236
3868 268296
3869 268556
3870 268816
3871 269412
3872 269672
3873 269420
3874 270192
3875 270452
3876 270712
3877 270972
3878 271232
3879 271492
3880 271752
3881 271500
3882 271760
3883 272276
3884 272792
3885 273052
3886 273312
3887 273572
3888 275112
3889 275112
3890 274860
3891 274860
3892 274860
3893 274860
3894 274860
3895 274860
3896 274860
3897 274860
3898 274860
3899 274860
3900 274860
3901 274860
3902 274348
3903 274348
3904 274348
3905 274348
3906 274348
3907 274348
3908 274348
3909 274348
3910 274860
3911 274860
3912 274736
3913 274736
3914 274736
3915 274348
3916 274348
3917 274348
3918 273836
3919 273836
3920 253292
3921 253292
3922 253192
3923 253192
3924 253152
3925 253152
3926 253144
3927 253144
3928 253292
3929 253292
3930 253292
3931 253292
3932 253292
3933 253552
3934 253552
3935 253812
3936 253548
3937 253548
3938 253548
3939 253548
3940 253548
3941 253112
3942 253112
3943 253112
3944 253112
3945 253112
3946 253112
3947 253112
3948 247912
3949 248172
3950 248432
3951 248820
3952 249080
3953 249132
3954 249600
3955 249860
3956 250120
3957 249860
3958 250120
3959 250380
3960 250640
3961 251212
3962 251472
3963 251836
3964 252200
3965 252460
3966 252720
3967 252980
3968 253240
3969 254800
3970 254632
3971 254632
3972 254632
3973 254632
3974 254632
3975 254632
3976 254632
3977 254632
3978 254632
3979 254632
3980 254632
3981 254632
3982 254424
3983 254424
3984 254424
3985 254424
3986 254424
3987 254424
3988 254424
3989 254324
3990 254532
3991 254532
3992 254532
3993 254532
3994 254532
3995 254020
3996 254020
3997 254020
3998 253812
3999 253292
4000 259240
4001 259240
4002 259184
4003 259184
4004 259180
4005 259180
4006 259180
4007 259180
4008 259240
4009 259240
4010 259760
4011 259760
4012 259760
4013 259860
4014 259860
4015 259960
4016 259172
4017 259172
4018 259172
4019 259172
4020 259172
4021 258912
4022 258912
4023 258912
4024 258912
4025 258912
4026 258912
4027 258912
4028 253452
4029 253712
4030 253972
4031 253988
4032 254248
4033 254308
4034 254768
4035 255028
4036 255288
4037 255348
4038 255608
4039 255868
4040 256128
4041 256388
4042 256648
4043 257008
4044 257368
4045 257628
4046 257888
4047 258148
4048 258408
4049 258928
4050 260672
4051 260672
4052 260672
4053 260672
4054 260672
4055 260672
4056 260672
4057 260672
4058 260672
4059 260672
4060 260672
4061 260672
4062 260472
4063 260472
4064 260472
4065 260472
4066 260472
4067 260472
4068 260472
4069 260472
4070 260672
4071 260152
4072 260112
4073 260112
4074 260112
4075 259640
4076 259640
4077 259640
4078 259440
4079 259240
4080 255904
4081 255904
4082 255904
4083 255904
4084 255904
4085 255904
4086 255904
4087 255904
4088 255904
4089 255904
4090 256684
4091 256684
4092 256684
4093 256684
4094 256684
4095 256684
4096 255632
4097 255632
4098 255632
4099 255632
4100 255632
4101 255372
4102 255372
4103 255372
4104 255372
4105 255372
4106 255372
4107 255372
4108 249652
4109 249912
4110 250172
4111 250564
4112 250824
4113 250564
4114 251344
4115 251604
4116 251864
4117 252124
4118 252384
4119 252644
4120 252904
4121 252644
4122 252904
4123 253424
4124 253944
4125 254204
4126 254464
4127 254724
4128 254984
4129 255504
4130 255916
4131 257716
4132 257716
4133 257716
4134 257716
4135 257716
4136 257716
4137 257716
4138 257716
4139 257716
4140 257716
4141 257716
4142 257196
4143 257196
4144 257196
4145 257196
4146 257196
4147 257196
4148 257196
4149 257196
4150 257716
4151 256936
4152 256936
4153 256936
4154 256936
4155 256424
4156 256424
4157 256424
4158 255904
4159 255904
4160 257052
4161 256792
4162 256792
4163 256792
4164 256792
4165 256792
4166 256792
4167 256792
4168 256792
4169 256792
4170 257332
4171 257332
4172 257332
4173 257332
4174 257332
4175 257332
4176 256416
4177 256416
4178 256416
4179 256416
4180 256416
4181 256416
4182 256416
4183 256416
4184 256416
4185 256416
4186 256416
4187 256416
4188 250436
4189 250696
4190 250956
4191 250876
4192 251136
4193 251396
4194 251656
4195 251916
4196 252176
4197 252436
4198 252696
4199 252956
4200 253216
4201 253476
4202 253736
4203 253996
4204 254256
4205 254516
4206 254776
4207 255036
4208 255296
4209 255736
4210 256124
4211 256564
4212 258104
4213 258104
4214 258104
4215 258104
4216 258104
4217 258104
4218 258104
4219 258104
4220 258104
4221 258104
4222 258104
4223 258104
4224 258104
4225 258104
4226 258104
4227 258104
4228 258104
4229 258104
4230 258104
4231 257564
4232 257564
4233 257564
4234 257564
4235 257052
4236 257052
4237 257052
4238 257052
4239 257052
4240 261372
4241 261112
4242 261112
4243 261112
4244 261112
4245 261892
4246 261892
4247 261892
4248 261892
4249 261892
4250 261892
4251 261892
4252 261892
4253 261892
4254 261892
4255 261892
4256 260764
4257 260764
4258 260764
4259 260764
4260 260764
4261 260764
4262 260764
4263 260764
4264 260764
4265 260764
4266 260764
4267 260764
4268 254524
4269 254784
4270 255044
4271 255244
4272 255504
4273 255404
4274 256024
4275 256284
4276 256544
4277 256804
4278 257064
4279 257324
4280 257584
4281 257484
4282 257744
4283 258184
4284 258624
4285 258884
4286 259144
4287 259404
4288 259664
4289 260184
4290 260704
4291 261224
4292 261484
4293 263024
4294 263024
4295 263024
4296 263024
4297 263024
4298 263024
4299 263024
4300 263024
4301 263024
4302 262664
4303 262664
4304 262664
4305 262664
4306 262664
4307 262664
4308 262664
4309 262664
4310 263024
4311 262244
4312 262244
4313 262244
4314 262244
4315 261732
4316 261732
4317 261732
4318 261372
4319 261372
4320 251528
4321 251348
4322 251348
4323 251348
4324 251348
4325 251648
4326 251648
4327 251568
4328 251568
4329 251568
4330 251568
4331 251568
4332 251568
4333 251568
4334 251568
4335 251568
4336 250908
4337 250908
4338 250908
4339 250908
4340 250908
4341 250908
4342 250908
4343 250908
4344 250908
4345 250908
4346 250908
4347 250908
4348 244408
4349 244668
4350 244928
4351 245356
4352 245616
4353 245356
4354 246136
4355 246396
4356 246656
4357 246916
4358 247176
4359 247436
4360 247696
4361 247436
4362 247696
4363 248216
4364 248736
4365 248996
4366 249256
4367 249516
4368 249776
4369 250136
4370 250496
4371 250856
4372 251116
4373 251376
4374 252860
4375 252860
4376 252860
4377 252860
4378 252860
4379 252860
4380 252860
4381 252860
4382 252340
4383 252340
4384 252340
4385 252340
4386 252340
4387 252340
4388 252340
4389 252340
4390 252860
4391 252560
4392 252560
4393 252560
4394 252560
4395 252048
4396 252048
4397 252048
4398 251528
4399 251528
4400 241948
4401 241948
4402 241948
4403 241948
4404 241948
4405 242728
4406 242728
4407 242468
4408 242468
4409 242468
4410 242468
4411 242468
4412 242468
4413 242468
4414 242468
4415 242468
4416 242316
4417 241536
4418 241536
4419 241536
4420 241536
4421 241536
4422 241536
4423 241536
4424 241536
4425 241536
4426 241536
4427 241536
4428 234776
4429 235036
4430 235296
4431 235644
4432 235904
4433 235644
4434 236424
4435 236684
4436 236944
4437 237204
4438 237464
4439 237724
4440 237984
4441 237724
4442 237984
4443 238504
4444 239024
4445 239284
4446 239544
4447 239804
4448 240064
4449 240584
4450 241104
4451 241624
4452 241884
4453 242144
4454 242404
4455 243760
4456 243760
4457 243760
4458 243760
4459 243760
4460 243760
4461 243760
4462 243240
4463 243240
4464 243240
4465 243240
4466 243240
4467 243240
4468 243240
4469 243240
4470 243760
4471 242980
4472 242980
4473 242980
4474 242980
4475 242468
4476 242468
4477 242468
4478 241948
4479 241948
4480 260616
4481 260356
4482 260356
4483 260356
4484 260356
4485 260656
4486 260656
4487 260656
4488 260656
4489 260656
4490 260656
4491 260656
4492 260656
4493 260656
4494 260656
4495 260656
4496 260224
4497 259924
4498 259924
4499 259924
4500 259924
4501 259924
4502 259924
4503 259924
4504 259924
4505 259924
4506 259972
4507 259972
4508 252952
4509 253212
4510 253472
4511 253396
4512 253656
4513 253916
4514 254176
4515 254436
4516 254696
4517 254956
4518 255216
4519 255476
4520 255736
4521 255948
4522 256208
4523 256492
4524 256776
4525 257036
4526 257296
4527 257556
4528 257816
4529 258176
4530 258536
4531 258896
4532 259156
4533 259416
4534 259676
4535 259936
4536 261476
4537 261476
4538 261476
4539 261476
4540 261476
4541 261476
4542 261476
4543 261476
4544 261476
4545 261476
4546 261476
4547 261476
4548 261476
4549 261476
4550 261476
4551 261176
4552 261176
4553 261176
4554 261176
4555 260664
4556 260664
4557 260664
4558 260616
4559 260616
4560 263124
4561 263024
4562 262968
4563 262968
4564 262964
4565 263744
4566 263724
4567 263564
4568 263644
4569 263644
4570 263644
4571 263644
4572 263644
4573 263644
4574 263644
4575 263644
4576 263236
4577 262456
4578 262456
4579 262456
4580 262456
4581 262456
4582 262456
4583 262456
4584 262456
4585 262456
4586 262808
4587 262808
4588 255528
4589 255788
4590 256048
4591 255948
4592 256208
4593 256468
4594 256728
4595 256988
4596 257248
4597 257508
4598 257768
4599 258028
4600 258288
4601 258196
4602 258456
4603 258892
4604 259328
4605 259588
4606 259848
4607 260108
4608 260368
4609 260888
4610 261408
4611 261928
4612 262188
4613 262448
4614 262708
4615 262968
4616 263228
4617 264768
4618 264768
4619 264768
4620 264768
4621 264768
4622 264768
4623 264768
4624 264768
4625 264768
4626 264768
4627 264768
4628 264768
4629 264768
4630 264768
4631 264768
4632 264768
4633 264768
4634 264768
4635 263476
4636 263476
4637 263476
4638 263124
4639 263124
4640 268792
4641 268792
4642 268792
4643 268792
4644 268792
4645 269092
4646 269092
4647 268832
4648 268832
4649 268832
4650 268832
4651 268832
4652 268832
4653 268832
4654 268832
4655 268832
4656 268504
4657 268204
4658 268204
4659 268204
4660 268204
4661 268204
4662 268204
4663 268204
4664 268204
4665 268204
4666 268724
4667 268724
4668 261184
4669 261444
4670 261704
4671 261524
4672 261784
4673 262044
4674 262304
4675 262564
4676 262824
4677 263084
4678 263344
4679 263604
4680 263864
4681 263604
4682 263864
4683 264384
4684 264904
4685 265164
4686 265424
4687 265684
4688 265944
4689 266304
4690 266664
4691 267024
4692 267284
4693 267544
4694 267804
4695 268064
4696 268324
4697 268584
4698 270124
4699 270124
4700 270124
4701 270124
4702 270124
4703 270124
4704 270124
4705 270124
4706 270124
4707 270124
4708 270124
4709 270124
4710 270124
4711 270124
4712 270124
4713 270124
4714 270124
4715 269312
4716 269312
4717 269312
4718 268792
4719 268792
4720 258796
4721 258796
4722 258760
4723 258760
4724 259536
4725 259536
4726 259532
4727 259272
4728 259316
4729 259316
4730 259316
4731 259316
4732 259316
4733 259316
4734 259316
4735 259316
4736 258804
4737 258024
4738 258024
4739 258024
4740 258024
4741 258024
4742 258024
4743 258024
4744 258024
4745 258024
4746 258544
4747 258544
4748 250744
4749 251004
4750 251264
4751 251268
4752 251528
4753 251788
4754 252048
4755 252308
4756 252568
4757 252828
4758 253088
4759 253348
4760 253608
4761 253348
4762 253608
4763 254128
4764 254648
4765 254908
4766 255168
4767 255428
4768 255688
4769 256208
4770 256728
4771 257248
4772 257508
4773 257768
4774 258028
4775 258288
4776 258548
4777 258808
4778 259068
4779 260608
4780 260608
4781 260608
4782 260608
4783 260608
4784 260608
4785 260608
4786 260608
4787 260608
4788 260608
4789 260608
4790 260608
4791 260608
4792 260608
4793 260608
4794 260608
4795 259316
4796 259316
4797 259316
4798 258796
4799 258796
4800 263240
4801 263240
4802 263240
4803 263240
4804 263996
4805 263996
4806 263992
4807 263992
4808 264020
4809 264020
4810 264020
4811 264020
4812 264020
4813 264020
4814 264020
4815 263920
4816 263604
4817 262824
4818 262824
4819 262824
4820 262824
4821 262824
4822 262824
4823 262824
4824 262824
4825 262824
4826 263344
4827 263344
4828 255284
4829 255544
4830 255804
4831 255708
4832 255968
4833 256228
4834 256488
4835 256748
4836 257008
4837 257268
4838 257528
4839 257788
4840 258048
4841 257788
4842 258048
4843 258568
4844 259088
4845 259348
4846 259608
4847 259868
4848 260128
4849 260648
4850 260912
4851 261432
4852 261692
4853 261952
4854 262212
4855 262472
4856 262732
4857 262992
4858 263252
4859 263512
4860 265052
4861 265052
4862 265052
4863 265052
4864 265052
4865 265052
4866 265052
4867 265052
4868 265052
4869 265052
4870 265052
4871 265052
4872 265052
4873 265052
4874 265052
4875 263760
4876 263760
4877 263760
4878 263240
4879 263240
4880 256840
4881 256840
4882 256840
4883 256840
4884 257520
4885 257620
4886 257620
4887 257620
4888 257520
4889 257520
4890 257520
4891 257520
4892 257520
4893 257520
4894 257520
4895 257260
4896 256780
4897 256000
4898 256000
4899 256000
4900 256000
4901 256000
4902 256000
4903 256000
4904 256000
4905 256000
4906 256200
4907 256200
4908 247880
4909 248140
4910 248400
4911 248628
4912 248888
4913 249148
4914 249408
4915 249668
4916 249928
4917 250188
4918 250448
4919 250708
4920 250968
4921 251028
4922 251288
4923 251648
4924 252008
4925 252268
4926 252528
4927 252788
4928 253048
4929 253568
4930 253832
4931 254352
4932 254612
4933 254872
4934 255132
4935 255392
4936 255652
4937 255912
4938 256172
4939 256432
4940 256692
4941 258332
4942 258332
4943 258332
4944 258332
4945 258332
4946 258332
4947 258332
4948 258332
4949 258332
4950 258332
4951 258232
4952 258232
4953 258232
4954 258232
4955 256940
4956 256940
4957 257040
4958 256840
4959 256840
4960 261812
4961 261812
4962 261912
4963 261912
4964 262692
4965 262692
4966 262692
4967 262592
4968 262072
4969 262072
4970 262072
4971 262072
4972 262072
4973 262072
4974 262072
4975 261812
4976 261520
4977 260740
4978 260740
4979 260740
4980 260740
4981 260740
4982 260740
4983 260740
4984 260740
4985 260740
4986 260740
4987 260740
4988 252160
4989 252420
4990 247740
4991 248260
4992 249300
4993 253980
4994 254240
4995 253980
4996 254760
4997 255020
4998 254760
4999 255020
5000 255280
5001 255540
5002 255800
5003 256060
5004 256320
5005 256580
5006 256840
5007 257100
5008 257360
5009 257880
5010 258144
5011 258664
5012 258924
5013 259184
5014 259444
5015 259704
5016 259964
5017 260224
5018 260484
5019 260744
5020 261004
5021 261524
5022 263424
5023 263424
5024 263424
5025 263424
5026 263424
5027 263424
5028 263424
5029 263424
5030 263424
5031 262904
5032 262684
5033 262584
5034 262684
5035 261392
5036 261392
5037 261912
5038 261912
5039 261812
5040 263960
5041 263960
5042 264480
5043 264480
5044 265260
5045 265260
5046 265260
5047 264740
5048 264440
5049 264440
5050 264440
5051 264440
5052 264440
5053 264440
5054 264440
5055 264180
5056 263924
5057 263144
5058 263144
5059 263144
5060 263144
5061 263144
5062 263144
5063 263144
5064 263144
5065 263144
5066 263144
5067 263144
5068 254304
5069 254564
5070 249884
5071 250404
5072 251224
5073 255904
5074 256164
5075 256124
5076 256684
5077 256944
5078 256904
5079 257164
5080 257424
5081 257684
5082 257944
5083 258204
5084 258464
5085 258724
5086 258984
5087 259244
5088 259504
5089 260024
5090 260288
5091 260808
5092 261068
5093 261328
5094 261588
5095 261848
5096 262108
5097 262368
5098 262628
5099 262888
5100 263148
5101 263508
5102 264128
5103 266028
5104 266028
5105 266028
5106 266028
5107 266028
5108 266028
5109 266028
5110 266028
5111 265728
5112 265472
5113 265472
5114 265472
5115 264180
5116 264180
5117 264480
5118 264480
5119 264480
5120 276040
5121 276040
5122 276340
5123 276340
5124 276640
5125 276640
5126 276640
5127 276340
5128 275300
5129 275300
5130 275300
5131 275300
5132 276340
5133 276340
5134 276340
5135 276080
5136 275976
5137 275676
5138 274636
5139 274636
5140 275640
5141 275640
5142 274636
5143 274636
5144 274636
5145 274636
5146 274636
5147 274636
5148 265536
5149 265796
5150 266056
5151 266164
5152 267464
5153 267724
5154 267984
5155 267204
5156 268504
5157 268764
5158 267984
5159 268244
5160 268504
5161 268764
5162 269024
5163 269284
5164 269544
5165 269804
5166 270064
5167 270324
5168 270584
5169 270944
5170 271048
5171 271408
5172 271668
5173 271928
5174 272188
5175 272448
5176 272708
5177 272968
5178 273228
5179 273488
5180 273748
5181 274268
5182 274888
5183 275508
5184 277408
5185 277408
5186 277408
5187 277408
5188 277408
5189 277408
5190 277408
5191 277408
5192 277152
5193 277152
5194 277152
5195 276340
5196 276340
5197 276340
5198 276340
5199 276340
5200 287936
5201 286896
5202 287936
5203 287936
5204 287936
5205 287936
5206 287936
5207 286896
5208 286396
5209 286396
5210 286396
5211 286396
5212 286896
5213 286896
5214 286896
5215 286636
5216 286276
5217 285496
5218 284996
5219 284996
5220 285440
5221 285440
5222 284996
5223 284996
5224 284996
5225 284996
5226 284996
5227 284996
5228 275636
5229 275896
5230 276156
5231 276292
5232 277052
5233 277312
5234 277572
5235 277332
5236 278092
5237 278352
5238 278112
5239 278372
5240 278632
5241 278892
5242 279152
5243 279412
5244 279672
5245 280712
5246 280972
5247 281232
5248 280712
5249 281232
5250 281496
5251 282016
5252 282276
5253 282536
5254 282796
5255 283056
5256 283316
5257 283576
5258 283836
5259 284096
5260 284356
5261 284716
5262 285336
5263 285956
5264 286576
5265 288476
5266 288476
5267 288476
5268 288476
5269 288476
5270 288476
5271 288476
5272 288252
5273 288252
5274 288252
5275 287936
5276 287936
5277 287936
5278 287936
5279 287936
5280 294468
5281 293968
5282 294468
5283 294468
5284 294468
5285 294468
5286 294468
5287 293708
5288 292148
5289 292148
5290 292148
5291 292148
5292 293708
5293 293708
5294 293708
5295 293708
5296 293224
5297 292924
5298 291364
5299 291364
5300 292924
5301 292924
5302 291364
5303 291364
5304 291364
5305 291364
5306 291364
5307 291364
5308 281744
5309 282004
5310 282264
5311 282404
5312 284224
5313 284484
5314 284744
5315 283444
5316 285264
5317 285524
5318 284224
5319 284484
5320 284744
5321 285004
5322 285264
5323 285524
5324 285784
5325 286344
5326 286604
5327 286864
5328 286824
5329 287184
5330 287288
5331 287648
5332 287908
5333 288168
5334 288428
5335 288688
5336 288948
5337 289208
5338 289468
5339 289728
5340 289988
5341 290508
5342 291128
5343 291748
5344 292368
5345 292988
5346 294888
5347 294708
5348 294708
5349 294708
5350 294708
5351 294708
5352 294544
5353 294724
5354 294724
5355 294468
5356 294468
5357 294468
5358 294468
5359 294468
5360 305100
5361 305100
5362 305100
5363 305100
5364 305100
5365 305100
5366 305100
5367 303540
5368 302840
5369 302840
5370 302840
5371 302840
5372 303540
5373 303540
5374 303540
5375 303540
5376 303176
5377 303176
5378 302476
5379 302476
5380 303048
5381 303048
5382 302476
5383 302476
5384 302476
5385 302476
5386 302476
5387 302476
5388 292596
5389 292856
5390 293116
5391 293120
5392 294080
5393 294340
5394 294600
5395 294160
5396 295120
5397 295380
5398 294940
5399 295200
5400 295460
5401 295720
5402 295980
5403 296240
5404 296500
5405 296760
5406 297020
5407 297280
5408 297280
5409 297540
5410 297544
5411 298064
5412 298324
5413 298584
5414 298844
5415 299104
5416 299364
5417 299624
5418 299884
5419 300144
5420 300404
5421 300764
5422 301384
5423 302004
5424 302624
5425 303244
5426 303864
5427 305324
5428 305324
5429 305324
5430 305324
5431 305324
5432 305096
5433 305356
5434 305356
5435 305100
5436 305100
5437 305100
5438 305100
5439 305100
5440 295364
5441 295464
5442 295464
5443 295364
5444 295364
5445 295364
5446 295364
5447 294604
5448 292524
5449 292524
5450 292524
5451 292524
5452 294604
5453 294604
5454 294704
5455 294704
5456 294160
5457 294160
5458 294060
5459 294060
5460 293984
5461 293984
5462 294060
5463 291980
5464 291980
5465 291980
5466 291980
5467 291980
5468 283920
5469 284180
5470 284440
5471 284596
5472 284856
5473 285116
5474 285376
5475 283556
5476 285996
5477 286256
5478 284336
5479 284696
5480 284956
5481 285216
5482 285476
5483 285736
5484 285896
5485 286156
5486 286416
5487 286676
5488 286836
5489 287096
5490 287100
5491 287460
5492 287720
5493 287980
5494 288240
5495 288500
5496 288760
5497 289020
5498 289280
5499 289540
5500 289800
5501 290320
5502 290940
5503 291560
5504 292180
5505 292800
5506 293520
5507 293940
5508 295940
5509 295940
5510 295940
5511 295940
5512 295560
5513 295820
5514 295820
5515 295564
5516 295464
5517 295564
5518 295564
5519 295364
5520 304240
5521 304240
5522 304240
5523 304240
5524 304240
5525 303980
5526 303980
5527 302420
5528 300080
5529 300080
5530 300080
5531 300080
5532 302420
5533 302420
5534 302420
5535 302420
5536 301964
5537 301964
5538 301964
5539 301964
5540 301928
5541 301928
5542 301964
5543 299624
5544 299624
5545 299884
5546 299884
5547 299624
5548 291564
5549 291824
5550 292084
5551 292180
5552 293740
5553 294000
5554 294260
5555 292180
5556 295040
5557 294000
5558 291660
5559 292180
5560 292440
5561 292700
5562 292960
5563 293220
5564 293480
5565 293740
5566 294000
5567 294000
5568 294260
5569 294520
5570 294424
5571 294784
5572 295044
5573 295304
5574 295564
5575 295824
5576 296084
5577 296344
5578 296604
5579 296864
5580 297124
5581 297644
5582 298424
5583 299204
5584 299984
5585 300764
5586 301544
5587 301548
5588 302328
5589 304384
5590 304384
5591 304384
5592 304236
5593 304496
5594 304496
5595 304240
5596 304240
5597 304240
5598 304240
5599 304240
5600 299204
5601 299204
5602 299204
5603 299204
5604 299204
5605 299104
5606 299104
5607 298344
5608 296064
5609 296064
5610 296064
5611 296064
5612 298344
5613 298344
5614 298344
5615 298344
5616 297364
5617 298084
5618 298084
5619 298084
5620 297904
5621 297904
5622 297904
5623 295624
5624 295804
5625 295904
5626 295904
5627 295804
5628 287424
5629 287684
5630 287944
5631 288116
5632 288876
5633 289136
5634 289396
5635 287376
5636 290016
5637 289776
5638 287656
5639 288016
5640 288276
5641 288536
5642 288696
5643 288956
5644 289316
5645 289576
5646 289836
5647 289996
5648 290256
5649 290516
5650 290260
5651 290780
5652 291040
5653 291300
5654 291560
5655 291800
5656 292060
5657 292320
5658 292580
5659 292840
5660 293100
5661 293540
5662 294080
5663 294620
5664 295160
5665 295780
5666 296400
5667 296564
5668 297184
5669 297704
5670 299760
5671 299760
5672 299256
5673 299516
5674 299516
5675 299204
5676 299204
5677 299204
5678 299204
5679 299204
5680 293704
5681 293704
5682 293704
5683 294424
5684 294424
5685 294164
5686 294164
5687 292044
5688 290224
5689 290224
5690 290224
5691 290224
5692 292044
5693 292044
5694 292764
5695 292764
5696 291756
5697 292636
5698 292636
5699 292636
5700 291708
5701 291708
5702 291656
5703 289836
5704 290096
5705 290356
5706 290356
5707 290356
5708 280996
5709 281256
5710 281516
5711 281600
5712 283160
5713 283420
5714 283680
5715 282120
5716 284460
5717 284720
5718 281600
5719 282120
5720 282380
5721 282640
5722 282640
5723 282900
5724 283420
5725 283680
5726 283940
5727 283940
5728 284200
5729 284460
5730 284464
5731 284724
5732 284984
5733 285244
5734 285504
5735 285744
5736 286004
5737 286264
5738 286524
5739 286784
5740 287044
5741 287304
5742 287824
5743 288344
5744 288864
5745 289644
5746 291144
5747 291484
5748 291904
5749 292784
5750 293304
5751 295124
5752 294512
5753 294772
5754 294772
5755 294424
5756 294424
5757 294424
5758 294424
5759 293704
5760 295232
5761 295232
5762 295232
5763 295232
5764 295232
5765 295132
5766 295132
5767 293332
5768 291252
5769 291252
5770 291252
5771 291252
5772 293332
5773 293332
5774 294632
5775 294632
5776 294008
5777 294528
5778 294528
5779 294528
5780 293228
5781 292968
5782 292708
5783 290628
5784 290888
5785 290988
5786 290988
5787 290988
5788 281788
5789 282048
5790 282308
5791 282416
5792 283176
5793 283436
5794 283696
5795 281876
5796 284316
5797 284576
5798 282156
5799 282516
5800 282776
5801 283036
5802 283036
5803 283296
5804 283816
5805 284076
5806 284336
5807 284496
5808 284756
5809 285016
5810 285020
5811 285280
5812 285540
5813 285800
5814 286060
5815 286320
5816 286580
5817 286840
5818 287100
5819 287360
5820 287620
5821 287880
5822 288240
5823 288600
5824 288960
5825 289580
5826 291500
5827 291760
5828 292380
5829 292900
5830 293420
5831 293940
5832 295432
5833 295692
5834 295692
5835 295232
5836 295232
5837 295232
5838 295232
5839 295232
5840 296648
5841 296648
5842 296648
5843 296648
5844 296648
5845 296388
5846 296388
5847 294048
5848 291708
5849 291708
5850 291708
5851 292488
5852 294828
5853 294828
5854 296388
5855 296388
5856 295264
5857 296304
5858 296304
5859 296304
5860 294484
5861 294224
5862 294224
5863 291104
5864 291364
5865 291624
5866 291624
5867 292404
5868 283044
5869 283304
5870 283564
5871 283692
5872 283952
5873 284212
5874 284732
5875 282652
5876 285252
5877 285512
5878 282652
5879 282912
5880 283172
5881 283432
5882 283432
5883 283692
5884 284212
5885 284472
5886 284732
5887 284992
5888 284992
5889 285252
5890 285516
5891 285776
5892 286036
5893 286036
5894 286296
5895 286556
5896 286816
5897 287076
5898 287336
5899 287596
5900 287856
5901 288116
5902 288376
5903 288636
5904 289156
5905 289936
5906 292276
5907 292536
5908 293316
5909 293836
5910 294356
5911 294876
5912 295060
5913 297120
5914 297120
5915 296648
5916 296648
5917 296648
5918 296648
5919 296648
5920 280248
5921 280248
5922 280248
5923 280248
5924 280248
5925 279988
5926 279988
5927 277288
5928 275488
5929 275488
5930 275488
5931 276628
5932 278428
5933 278428
5934 279988
5935 279988
5936 279396
5937 279796
5938 279796
5939 279796
5940 278136
5941 277876
5942 277876
5943 274936
5944 275036
5945 275296
5946 275296
5947 276436
5948 266276
5949 266536
5950 266796
5951 267000
5952 267260
5953 267520
5954 268040
5955 266500
5956 268560
5957 268820
5958 266140
5959 266400
5960 266660
5961 266920
5962 266920
5963 267180
5964 267700
5965 267960
5966 268220
5967 268480
5968 268480
5969 268740
5970 269084
5971 269344
5972 269604
5973 269604
5974 269864
5975 270124
5976 270384
5977 270644
5978 270904
5979 271164
5980 271424
5981 271684
5982 272124
5983 272564
5984 273084
5985 273784
5986 276044
5987 276224
5988 276924
5989 277364
5990 277804
5991 278244
5992 278420
5993 279120
5994 280760
5995 280248
5996 280248
5997 280248
5998 280248
5999 280248
6000 292216
6001 292216
6002 292216
6003 292216
6004 292216
6005 291956
6006 291956
6007 289096
6008 286236
6009 286236
6010 286236
6011 287536
6012 290396
6013 290396
6014 291956
6015 291956
6016 291880
6017 291880
6018 291880
6019 291880
6020 290276
6021 290016
6022 290016
6023 285856
6024 285900
6025 286160
6026 286160
6027 287460
6028 278100
6029 278360
6030 278620
6031 278860
6032 279120
6033 279380
6034 279900
6035 277300
6036 280420
6037 280680
6038 276780
6039 277040
6040 277300
6041 277560
6042 277560
6043 277820
6044 278340
6045 278600
6046 278860
6047 279120
6048 279120
6049 279380
6050 279644
6051 279904
6052 280164
6053 280164
6054 280424
6055 280684
6056 280944
6057 281204
6058 281464
6059 281724
6060 281984
6061 282244
6062 282764
6063 283284
6064 283804
6065 284584
6066 286924
6067 287184
6068 287964
6069 288484
6070 289004
6071 289524
6072 289628
6073 290408
6074 290928
6075 292216
6076 292216
6077 292216
6078 292216
6079 292216
6080 292824
6081 292824
6082 292824
6083 292824
6084 292824
6085 292564
6086 292564
6087 291264
6088 290064
6089 289024
6090 289024
6091 290324
6092 291524
6093 291524
6094 292564
6095 292564
6096 292404
6097 292404
6098 292404
6099 292404
6100 291288
6101 291028
6102 290964
6103 288464
6104 288604
6105 288864
6106 288864
6107 290164
6108 278884
6109 279144
6110 279404
6111 279640
6112 279900
6113 280160
6114 280680
6115 279740
6116 281200
6117 281460
6118 279220
6119 279480
6120 279740
6121 280000
6122 280260
6123 280520
6124 280780
6125 281040
6126 281300
6127 281560
6128 281560
6129 281820
6130 282084
6131 282344
6132 282604
6133 282604
6134 282864
6135 283124
6136 283384
6137 283644
6138 283904
6139 284164
6140 284424
6141 284684
6142 285204
6143 285724
6144 286244
6145 286864
6146 288524
6147 288884
6148 289504
6149 289604
6150 289964
6151 290324
6152 290316
6153 290936
6154 291296
6155 291184
6156 292824
6157 292824
6158 292824
6159 292824
6160 313740
6161 313740
6162 313740
6163 313740
6164 313740
6165 313480
6166 313480
6167 313480
6168 313480
6169 312080
6170 312080
6171 312080
6172 312080
6173 312080
6174 313480
6175 313480
6176 313300
6177 313300
6178 313300
6179 313300
6180 311900
6181 311640
6182 311640
6183 305960
6184 305960
6185 306220
6186 306220
6187 307504
6188 299160
6189 299420
6190 299680
6191 299940
6192 300200
6193 300460
6194 300980
6195 301240
6196 301500
6197 301760
6198 300736
6199 300996
6200 301256
6201 301516
6202 301776
6203 298924
6204 299184
6205 299444
6206 299704
6207 304360
6208 304360
6209 304620
6210 304884
6211 305144
6212 305404
6213 301008
6214 301268
6215 301528
6216 306184
6217 305160
6218 305420
6219 301284
6220 305684
6221 305944
6222 302832
6223 306976
6224 307492
6225 308008
6226 309924
6227 307664
6228 308444
6229 308884
6230 309404
6231 311224
6232 310896
6233 311416
6234 311676
6235 311680
6236 311940
6237 313740
6238 313740
6239 313740
6240 301888
6241 301888
6242 301888
6243 301888
6244 301888
6245 301788
6246 301788
6247 301788
6248 301788
6249 300708
6250 300708
6251 300708
6252 300708
6253 300708
6254 301788
6255 301788
6256 301568
6257 301568
6258 301568
6259 301568
6260 300488
6261 300228
6262 300228
6263 295756
6264 295756
6265 295856
6266 295856
6267 296844
6268 287488
6269 287748
6270 288008
6271 288268
6272 288528
6273 288788
6274 289148
6275 289408
6276 289668
6277 289928
6278 289200
6279 289460
6280 289720
6281 289980
6282 290240
6283 288004
6284 288264
6285 288524
6286 288784
6287 292528
6288 292688
6289 292948
6290 293052
6291 293312
6292 293572
6293 290248
6294 290508
6295 290752
6296 294496
6297 293768
6298 294028
6299 290804
6300 294444
6301 294704
6302 291896
6303 295432
6304 295952
6305 296472
6306 297916
6307 295656
6308 296276
6309 296796
6310 297316
6311 299136
6312 298968
6313 299408
6314 299668
6315 299568
6316 299828
6317 300348
6318 301888
6319 301888
6320 295920
6321 295920
6322 295920
6323 295920
6324 295920
6325 295920
6326 295920
6327 295920
6328 295920
6329 295920
6330 295920
6331 295920
6332 295920
6333 295920
6334 295920
6335 295920
6336 295872
6337 295872
6338 295872
6339 295872
6340 295612
6341 295352
6342 295328
6343 291240
6344 291264
6345 291264
6346 291264
6347 291892
6348 282352
6349 282612
6350 282872
6351 283132
6352 283392
6353 283652
6354 283912
6355 284172
6356 284432
6357 284692
6358 284324
6359 284584
6360 284844
6361 285104
6362 285364
6363 283052
6364 283312
6365 283572
6366 283832
6367 287292
6368 287552
6369 287812
6370 287816
6371 288076
6372 288336
6373 285136
6374 285396
6375 285656
6376 289376
6377 289008
6378 289268
6379 286068
6380 289688
6381 289948
6382 287048
6383 290468
6384 290912
6385 291356
6386 291976
6387 289896
6388 290416
6389 290936
6390 291456
6391 293276
6392 292812
6393 293332
6394 293592
6395 293340
6396 293600
6397 294120
6398 294380
6399 295920
