1 1.04573e+06
2 1.01115e+06
3 1.09565e+06
4 1.04955e+06
5 1.08316e+06
6 1.015e+06
7 1.06203e+06
8 1.06876e+06
9 1.00539e+06
10 1.05435e+06
11 1.08604e+06
12 1.11964e+06
13 975640
14 969864
15 995792
16 996744
17 1.02748e+06
18 1.02172e+06
19 1.05339e+06
20 1.03707e+06
21 1.0918e+06
22 1.0294e+06
23 1.04476e+06
24 981392
25 1.03419e+06
26 1.00731e+06
27 974672
28 684684
29 736532
30 646276
31 686596
32 639556
33 686604
34 658764
35 708684
36 663564
37 769172
38 697164
39 726932
40 734612
41 647236
42 636684
43 748052
44 691412
45 642436
46 639556
47 663564
48 754772
49 685644
50 690452
51 683724
52 658764
53 669316
54 639556
55 628036
56 649156
57 654916
58 674116
59 633788
60 676996
61 637636
62 682756
63 691396
64 724044
65 705812
66 694284
67 723084
68 679884
69 701004
70 721172
71 744212
72 732692
73 734612
74 683724
75 730764
76 716372
77 763412
78 721172
79 737484
80 717340
82 1.03038e+06
83 1.15328e+06
84 1.06878e+06
85 1.14079e+06
86 1.03423e+06
87 1.06203e+06
88 1.06876e+06
89 1.00539e+06
90 1.05435e+06
91 1.14367e+06
92 1.17727e+06
93 1.03327e+06
94 1.02749e+06
95 995792
96 996744
97 1.02748e+06
98 1.02172e+06
99 1.05339e+06
100 1.03707e+06
101 1.14943e+06
102 1.08703e+06
103 1.10239e+06
104 1.03902e+06
105 1.03419e+06
106 1.00731e+06
107 974672
108 684684
109 736532
110 646276
111 686596
112 639556
113 686604
114 658764
115 708684
116 663564
117 769172
118 697164
119 726932
120 734612
121 647236
122 636684
123 748052
124 691412
125 642436
126 639556
127 663564
128 754772
129 685644
130 690452
131 683724
132 716392
133 726944
134 677984
135 628036
136 706784
137 674144
138 674116
139 633788
140 676996
141 637636
142 682756
143 691396
144 724044
145 705812
146 694284
147 723084
148 679884
149 701004
150 721172
151 744212
152 732692
153 734612
154 683724
155 730764
156 716372
157 763412
158 721172
159 737484
160 717340
161 700060
163 1.1341e+06
164 1.11361e+06
165 1.12162e+06
166 1.07906e+06
167 1.08126e+06
168 1.12639e+06
169 1.02462e+06
170 1.11198e+06
171 1.1245e+06
172 1.19554e+06
173 1.0525e+06
174 1.02945e+06
175 1.00158e+06
176 1.06686e+06
177 1.09088e+06
178 1.0928e+06
179 1.14271e+06
180 1.05246e+06
181 1.13506e+06
182 1.04962e+06
183 1.06399e+06
184 1.00062e+06
185 1.03419e+06
186 1.00731e+06
187 974672
188 684684
189 736532
190 646276
191 686596
192 639556
193 686604
194 658764
195 708684
196 663564
197 769172
198 697164
199 726932
200 734612
201 647236
202 636684
203 748052
204 691412
205 642436
206 639556
207 663564
208 757680
209 704872
210 699120
211 683724
212 677992
213 688544
214 652384
215 628036
216 668384
217 670012
218 674116
219 637656
220 676996
221 637636
222 682756
223 691396
224 724044
225 705812
226 694284
227 723084
228 679884
229 701004
230 721172
231 744212
232 732692
233 734612
234 683724
235 730764
236 716372
237 763412
238 721172
239 737484
240 717340
241 700060
242 665484
244 1.08801e+06
245 1.14722e+06
246 1.05346e+06
247 1.06846e+06
248 1.12642e+06
249 1.06945e+06
250 1.13121e+06
251 1.1501e+06
252 1.19618e+06
253 1.0525e+06
254 1.04097e+06
255 997740
256 1.02014e+06
257 1.04864e+06
258 1.04544e+06
259 1.08319e+06
260 1.04222e+06
261 1.15746e+06
262 1.08738e+06
263 1.10239e+06
264 1.03902e+06
265 1.03419e+06
266 1.00731e+06
267 974672
268 684684
269 736532
270 646276
271 686596
272 639556
273 686604
274 658764
275 708684
276 663564
277 769172
278 697164
279 726932
280 734612
281 647236
282 636684
283 748052
284 691412
285 642436
286 639556
287 663564
288 755760
289 692072
290 693360
291 683724
292 716392
293 726944
294 677984
295 628036
296 706784
297 677052
298 674116
299 635096
300 676996
301 637636
302 682756
303 691396
304 724044
305 705812
306 694284
307 723084
308 679884
309 701004
310 721172
311 744212
312 732692
313 734612
314 683724
315 730764
316 716372
317 763412
318 721172
319 737484
320 717340
321 700060
322 665484
323 749980
325 1.12162e+06
326 1.07906e+06
327 1.08126e+06
328 1.13922e+06
329 1.04385e+06
330 1.13121e+06
331 1.1245e+06
332 1.1965e+06
333 1.0525e+06
334 1.05057e+06
335 1.06495e+06
336 1.09182e+06
337 1.11296e+06
338 1.09376e+06
339 1.14463e+06
340 1.05534e+06
341 1.13506e+06
342 1.04962e+06
343 1.06399e+06
344 1.00062e+06
345 1.03419e+06
346 1.00731e+06
347 974672
348 684684
349 736532
350 646276
351 686596
352 639556
353 686604
354 658764
355 708684
356 663564
357 769172
358 697164
359 726932
360 734612
361 647236
362 636684
363 748052
364 691412
365 642436
366 639556
367 663564
368 759600
369 714472
370 700080
371 683724
372 677992
373 688544
374 652384
375 628036
376 668384
377 670972
378 674116
379 638616
380 677984
381 637636
382 682756
383 691396
384 724044
385 705812
386 694284
387 723084
388 679884
389 701004
390 721172
391 744212
392 732692
393 734612
394 683724
395 730764
396 716372
397 763412
398 721172
399 737484
400 717340
401 700060
402 665484
403 749980
404 703884
406 1.05346e+06
407 1.12609e+06
408 1.14562e+06
409 1.06945e+06
410 1.13121e+06
411 1.1501e+06
412 1.1965e+06
413 1.0525e+06
414 1.04801e+06
415 1.01986e+06
416 1.06593e+06
417 1.11362e+06
418 1.10338e+06
419 1.08383e+06
420 1.04318e+06
421 1.15746e+06
422 1.08738e+06
423 1.10239e+06
424 1.03902e+06
425 1.09182e+06
426 1.02654e+06
427 974672
428 684684
429 736532
430 646276
431 686596
432 639556
433 686604
434 658764
435 708684
436 663564
437 769172
438 697164
439 726932
440 734612
441 647236
442 636684
443 748052
444 691412
445 642436
446 639556
447 663564
448 756400
449 695272
450 693680
451 683724
452 716392
453 726944
454 677984
455 628036
456 706784
457 677372
458 674116
459 635416
460 677344
461 637636
462 682756
463 691396
464 724044
465 705812
466 694284
467 723084
468 679884
469 701004
470 721172
471 744212
472 732692
473 734612
474 683724
475 730764
476 716372
477 763412
478 721172
479 737484
480 717340
481 700060
482 665484
483 749980
484 703884
485 737492
487 1.10049e+06
488 1.14562e+06
489 1.04385e+06
490 1.13121e+06
491 1.12546e+06
492 1.20514e+06
493 1.06114e+06
494 1.06689e+06
495 1.0797e+06
496 1.10433e+06
497 1.1341e+06
498 1.11298e+06
499 1.14655e+06
500 1.05534e+06
501 1.13506e+06
502 1.04962e+06
503 1.06399e+06
504 1.00062e+06
505 1.05342e+06
506 1.01374e+06
507 974672
508 684684
509 736532
510 646276
511 686596
512 639556
513 686604
514 658764
515 708684
516 663564
517 769172
518 697164
519 726932
520 734612
521 647236
522 636684
523 748052
524 691412
525 642436
526 639556
527 664552
528 774000
529 716392
530 700080
531 683724
532 677992
533 688544
534 652384
535 628036
536 668384
537 675772
538 674116
539 639576
540 678944
541 637636
542 682756
543 691396
544 724044
545 705812
546 694284
547 723084
548 679884
549 701004
550 721172
551 744212
552 732692
553 734612
554 683724
555 730764
556 716372
557 763412
558 721172
559 737484
560 717340
561 700060
562 665484
563 749980
564 703884
565 737492
566 669332
568 1.14562e+06
569 1.06945e+06
570 1.13121e+06
571 1.15042e+06
572 1.19938e+06
573 1.05538e+06
574 1.05345e+06
575 1.0813e+06
576 1.08609e+06
577 1.11426e+06
578 1.10338e+06
579 1.1421e+06
580 1.06241e+06
581 1.15746e+06
582 1.08738e+06
583 1.10239e+06
584 1.03902e+06
585 1.09182e+06
586 1.02654e+06
587 974672
588 684684
589 736532
590 646276
591 686596
592 639556
593 686604
594 658764
595 708684
596 663564
597 769172
598 697164
599 726932
600 734612
601 647236
602 636684
603 748052
604 691412
605 642436
606 639556
607 663912
608 761200
609 695912
610 693680
611 683724
612 716392
613 726944
614 697184
615 685664
616 706784
617 717372
618 731744
619 693364
620 677664
621 637636
622 682756
623 691396
624 724044
625 705812
626 751912
627 780712
628 737512
629 758632
630 778800
631 763440
632 732692
633 734612
634 683724
635 730764
636 716372
637 763412
638 721172
639 737484
640 717340
641 700060
642 665484
643 749980
644 703884
645 737492
646 669332
647 716364
649 1.06302e+06
650 1.11198e+06
651 1.14367e+06
652 1.17727e+06
653 1.03327e+06
654 1.02749e+06
655 1.05342e+06
656 1.05437e+06
657 1.08511e+06
658 1.07935e+06
659 1.11102e+06
660 1.0563e+06
661 1.14943e+06
662 1.08703e+06
663 1.10239e+06
664 1.03902e+06
665 1.09182e+06
666 1.02654e+06
667 974672
668 684684
669 736532
670 646276
671 686596
672 639556
673 686604
674 658764
675 708684
676 663564
677 769172
678 697164
679 726932
680 734612
681 647236
682 636684
683 748052
684 691412
685 642436
686 639556
687 663564
688 754772
689 685644
690 690452
691 683724
692 716392
693 726944
694 697184
695 685664
696 706784
697 712544
698 731744
699 691416
700 676996
701 637636
702 682756
703 691396
704 724044
705 705812
706 751912
707 780712
708 737512
709 758632
710 778800
711 763440
712 732692
713 734612
714 683724
715 730764
716 716372
717 763412
718 721172
719 737484
720 717340
721 700060
722 665484
723 749980
724 703884
725 737492
726 669332
727 716364
728 723092
730 1.11198e+06
731 1.14367e+06
732 1.17727e+06
733 1.03327e+06
734 1.02749e+06
735 1.05342e+06
736 1.05437e+06
737 1.08511e+06
738 1.07935e+06
739 1.11102e+06
740 1.0563e+06
741 1.14943e+06
742 1.08703e+06
743 1.10239e+06
744 1.03902e+06
745 1.09182e+06
746 1.02654e+06
747 974672
748 684684
749 736532
750 646276
751 686596
752 639556
753 686604
754 658764
755 708684
756 663564
757 769172
758 697164
759 726932
760 734612
761 647236
762 636684
763 748052
764 691412
765 642436
766 639556
767 663564
768 754772
769 685644
770 690452
771 683724
772 716392
773 726944
774 697184
775 685664
776 706784
777 712544
778 731744
779 691416
780 676996
781 637636
782 682756
783 691396
784 724044
785 705812
786 751912
787 780712
788 737512
789 758632
790 778800
791 763440
792 732692
793 734612
794 683724
795 730764
796 716372
797 763412
798 721172
799 737484
800 717340
801 700060
802 665484
803 749980
804 703884
805 737492
806 669332
807 716364
808 723092
809 659724
811 1.14367e+06
812 1.17727e+06
813 1.03327e+06
814 1.02749e+06
815 1.05342e+06
816 1.05437e+06
817 1.08511e+06
818 1.07935e+06
819 1.11102e+06
820 1.0563e+06
821 1.14943e+06
822 1.08703e+06
823 1.10239e+06
824 1.03902e+06
825 1.09182e+06
826 1.02654e+06
827 974672
828 684684
829 736532
830 646276
831 686596
832 639556
833 686604
834 658764
835 708684
836 663564
837 769172
838 697164
839 726932
840 734612
841 647236
842 636684
843 748052
844 691412
845 642436
846 639556
847 663564
848 754772
849 685644
850 690452
851 683724
852 716392
853 726944
854 697184
855 685664
856 706784
857 712544
858 731744
859 691416
860 676996
861 637636
862 682756
863 691396
864 724044
865 705812
866 751912
867 780712
868 737512
869 758632
870 778800
871 763440
872 732692
873 734612
874 683724
875 730764
876 716372
877 763412
878 721172
879 737484
880 717340
881 700060
882 665484
883 749980
884 703884
885 737492
886 669332
887 716364
888 723092
889 659724
890 708684
892 1.17727e+06
893 1.03327e+06
894 1.02749e+06
895 1.05342e+06
896 1.05437e+06
897 1.08511e+06
898 1.07935e+06
899 1.11102e+06
900 1.0563e+06
901 1.14943e+06
902 1.08703e+06
903 1.10239e+06
904 1.03902e+06
905 1.09182e+06
906 1.02654e+06
907 974672
908 684684
909 736532
910 646276
911 686596
912 639556
913 686604
914 658764
915 708684
916 663564
917 769172
918 697164
919 726932
920 734612
921 647236
922 636684
923 748052
924 691412
925 642436
926 639556
927 663564
928 754772
929 685644
930 690452
931 683724
932 716392
933 726944
934 697184
935 685664
936 706784
937 712544
938 731744
939 691416
940 676996
941 637636
942 682756
943 691396
944 724044
945 705812
946 751912
947 780712
948 737512
949 758632
950 778800
951 763440
952 732692
953 734612
954 683724
955 730764
956 716372
957 763412
958 721172
959 737484
960 717340
961 700060
962 665484
963 749980
964 703884
965 737492
966 669332
967 716364
968 723092
969 659724
970 708684
971 740372
973 1.03327e+06
974 1.02749e+06
975 1.05342e+06
976 1.05437e+06
977 1.08511e+06
978 1.07935e+06
979 1.11102e+06
980 1.0563e+06
981 1.14943e+06
982 1.08703e+06
983 1.10239e+06
984 1.03902e+06
985 1.09182e+06
986 1.02654e+06
987 974672
988 684684
989 736532
990 646276
991 686596
992 639556
993 686604
994 658764
995 708684
996 663564
997 769172
998 697164
999 726932
1000 734612
1001 647236
1002 636684
1003 748052
1004 691412
1005 642436
1006 639556
1007 663564
1008 754772
1009 685644
1010 690452
1011 683724
1012 716392
1013 726944
1014 697184
1015 685664
1016 706784
1017 712544
1018 731744
1019 691416
1020 676996
1021 637636
1022 682756
1023 691396
1024 724044
1025 705812
1026 751912
1027 780712
1028 737512
1029 758632
1030 778800
1031 763440
1032 732692
1033 734612
1034 683724
1035 730764
1036 716372
1037 763412
1038 721172
1039 737484
1040 717340
1041 700060
1042 665484
1043 749980
1044 703884
1045 737492
1046 669332
1047 716364
1048 723092
1049 659724
1050 708684
1051 740372
1052 773972
1054 1.04672e+06
1055 1.11105e+06
1056 1.11201e+06
1057 1.20034e+06
1058 1.15618e+06
1059 1.22626e+06
1060 1.13314e+06
1061 1.26466e+06
1062 1.20226e+06
1063 1.14082e+06
1064 1.03902e+06
1065 1.09182e+06
1066 1.02654e+06
1067 974672
1068 684684
1069 736532
1070 646276
1071 686596
1072 639556
1073 686604
1074 658764
1075 708684
1076 663564
1077 769172
1078 697164
1079 726932
1080 734612
1081 647236
1082 636684
1083 748052
1084 691412
1085 642436
1086 639556
1087 663564
1088 754772
1089 743272
1090 709680
1091 683724
1092 716392
1093 726944
1094 697184
1095 685664
1096 706784
1097 712544
1098 731744
1099 691416
1100 676996
1101 637636
1102 682756
1103 691396
1104 724044
1105 705812
1106 751912
1107 780712
1108 737512
1109 758632
1110 778800
1111 763440
1112 732692
1113 734612
1114 683724
1115 730764
1116 716372
1117 763412
1118 721172
1119 737484
1120 717340
1121 700060
1122 665484
1123 749980
1124 703884
1125 737492
1126 669332
1127 716364
1128 723092
1129 659724
1130 708684
1131 740372
1132 773972
1133 629972
1135 1.07265e+06
1136 1.07361e+06
1137 1.12354e+06
1138 1.10498e+06
1139 1.14946e+06
1140 1.08194e+06
1141 1.18786e+06
1142 1.12546e+06
1143 1.11522e+06
1144 1.03902e+06
1145 1.09182e+06
1146 1.02654e+06
1147 974672
1148 684684
1149 736532
1150 646276
1151 686596
1152 639556
1153 686604
1154 658764
1155 708684
1156 663564
1157 769172
1158 697164
1159 726932
1160 734612
1161 647236
1162 636684
1163 748052
1164 691412
1165 642436
1166 639556
1167 663564
1168 754772
1169 704872
1170 696880
1171 683724
1172 716392
1173 726944
1174 697184
1175 685664
1176 706784
1177 712544
1178 731744
1179 691416
1180 676996
1181 637636
1182 682756
1183 691396
1184 724044
1185 705812
1186 751912
1187 780712
1188 737512
1189 758632
1190 778800
1191 763440
1192 732692
1193 734612
1194 683724
1195 730764
1196 716372
1197 763412
1198 721172
1199 737484
1200 717340
1201 700060
1202 665484
1203 749980
1204 703884
1205 737492
1206 669332
1207 716364
1208 723092
1209 659724
1210 708684
1211 740372
1212 773972
1213 629972
1214 624196
1216 1.05437e+06
1217 1.08511e+06
1218 1.07935e+06
1219 1.11102e+06
1220 1.0563e+06
1221 1.14943e+06
1222 1.08703e+06
1223 1.10239e+06
1224 1.03902e+06
1225 1.09182e+06
1226 1.06494e+06
1227 1.0323e+06
1228 742312
1229 794160
1230 665504
1231 744224
1232 697184
1233 744232
1234 716392
1235 766312
1236 721192
1237 807600
1238 697164
1239 726932
1240 734612
1241 647236
1242 636684
1243 748052
1244 691412
1245 642436
1246 639556
1247 663564
1248 754772
1249 685644
1250 690452
1251 683724
1252 716392
1253 726944
1254 697184
1255 685664
1256 706784
1257 712544
1258 731744
1259 691416
1260 696224
1261 695264
1262 740384
1263 749024
1264 781672
1265 763440
1266 751912
1267 780712
1268 737512
1269 758632
1270 778800
1271 763440
1272 732692
1273 734612
1274 683724
1275 730764
1276 716372
1277 763412
1278 721172
1279 737484
1280 789340
1281 775900
1282 785492
1283 848860
1284 779732
1285 798932
1286 763412
1287 804692
1288 753812
1289 797012
1290 749004
1291 763412
1292 806612
1293 757652
1294 786452
1295 780692
1297 1.20511e+06
1298 1.20415e+06
1299 1.15999e+06
1300 1.11679e+06
1301 1.20127e+06
1302 1.20703e+06
1303 1.19839e+06
1304 1.20991e+06
1305 1.20991e+06
1306 1.20991e+06
1307 1.20991e+06
1308 864240
1309 836400
1310 768232
1311 806632
1312 806632
1313 810480
1314 825840
1315 837360
1316 800880
1317 820080
1318 759572
1319 760532
1320 779732
1321 720204
1322 700052
1323 770132
1324 747092
1325 711564
1326 709644
1327 755732
1328 774932
1329 749004
1330 754772
1331 749004
1332 806632
1333 806632
1334 779752
1335 718312
1336 806632
1337 806632
1338 806632
1339 806632
1340 768232
1341 806632
1342 806632
1343 806632
1344 806632
1345 849840
1346 864240
1347 864240
1348 864240
1349 864240
1350 841200
1351 794160
1352 757652
1353 754772
1354 729804
1355 749004
1356 754772
1357 806612
1358 773972
1359 749004
1360 789340
1361 775900
1362 785492
1363 848860
1364 779732
1365 798932
1366 763412
1367 804692
1368 753812
1369 797012
1370 749004
1371 763412
1372 806612
1373 757652
1374 786452
1375 780692
1376 749004
1378 1.20415e+06
1379 1.15999e+06
1380 1.11679e+06
1381 1.20127e+06
1382 1.20703e+06
1383 1.19839e+06
1384 1.20991e+06
1385 1.20991e+06
1386 1.20991e+06
1387 1.20991e+06
1388 864240
1389 836400
1390 768232
1391 806632
1392 806632
1393 810480
1394 825840
1395 837360
1396 800880
1397 820080
1398 759572
1399 760532
1400 779732
1401 720204
1402 700052
1403 770132
1404 747092
1405 711564
1406 709644
1407 755732
1408 774932
1409 749004
1410 754772
1411 749004
1412 806632
1413 806632
1414 779752
1415 718312
1416 806632
1417 806632
1418 806632
1419 806632
1420 768232
1421 806632
1422 806632
1423 806632
1424 806632
1425 849840
1426 864240
1427 864240
1428 864240
1429 864240
1430 841200
1431 794160
1432 757652
1433 754772
1434 729804
1435 749004
1436 754772
1437 806612
1438 773972
1439 749004
1440 789340
1441 775900
1442 785492
1443 848860
1444 779732
1445 798932
1446 763412
1447 804692
1448 753812
1449 797012
1450 749004
1451 763412
1452 806612
1453 757652
1454 786452
1455 780692
1456 749004
1457 801812
1459 1.15999e+06
1460 1.11679e+06
1461 1.20127e+06
1462 1.20703e+06
1463 1.19839e+06
1464 1.20991e+06
1465 1.20991e+06
1466 1.20991e+06
1467 1.20991e+06
1468 864240
1469 836400
1470 768232
1471 806632
1472 806632
1473 810480
1474 825840
1475 837360
1476 800880
1477 820080
1478 759572
1479 760532
1480 779732
1481 720204
1482 700052
1483 770132
1484 747092
1485 711564
1486 709644
1487 755732
1488 774932
1489 749004
1490 754772
1491 749004
1492 806632
1493 806632
1494 779752
1495 718312
1496 806632
1497 806632
1498 806632
1499 806632
1500 768232
1501 806632
1502 806632
1503 806632
1504 806632
1505 849840
1506 864240
1507 864240
1508 864240
1509 864240
1510 841200
1511 794160
1512 757652
1513 754772
1514 729804
1515 749004
1516 754772
1517 806612
1518 773972
1519 749004
1520 789340
1521 775900
1522 785492
1523 848860
1524 779732
1525 798932
1526 763412
1527 804692
1528 753812
1529 797012
1530 749004
1531 763412
1532 806612
1533 757652
1534 786452
1535 780692
1536 749004
1537 801812
1538 800852
1540 1.11679e+06
1541 1.20127e+06
1542 1.20703e+06
1543 1.19839e+06
1544 1.20991e+06
1545 1.20991e+06
1546 1.20991e+06
1547 1.20991e+06
1548 864240
1549 836400
1550 768232
1551 806632
1552 806632
1553 810480
1554 825840
1555 837360
1556 800880
1557 820080
1558 759572
1559 760532
1560 779732
1561 720204
1562 700052
1563 770132
1564 747092
1565 711564
1566 709644
1567 755732
1568 774932
1569 749004
1570 754772
1571 749004
1572 806632
1573 806632
1574 779752
1575 718312
1576 806632
1577 806632
1578 806632
1579 806632
1580 768232
1581 806632
1582 806632
1583 806632
1584 806632
1585 849840
1586 864240
1587 864240
1588 864240
1589 864240
1590 841200
1591 794160
1592 757652
1593 754772
1594 729804
1595 749004
1596 754772
1597 806612
1598 773972
1599 749004
1600 812408
1601 790328
1602 785492
1603 848860
1604 779732
1605 798932
1606 768240
1607 804692
1608 753812
1609 797012
1610 749992
1611 763412
1612 806612
1613 757652
1614 786452
1615 787440
1616 752872
1617 801812
1618 800852
1619 756692
1621 1.20132e+06
1622 1.28388e+06
1623 1.20517e+06
1624 1.28676e+06
1625 1.21093e+06
1626 1.28773e+06
1627 1.24836e+06
1628 941096
1629 874856
1630 870688
1631 845088
1632 864288
1633 829708
1634 883496
1635 914216
1636 840304
1637 853096
1638 767280
1639 760532
1640 781680
1641 720204
1642 700052
1643 770132
1644 747092
1645 711564
1646 709644
1647 755732
1648 777840
1649 749004
1650 754772
1651 749004
1652 768232
1653 768232
1654 741352
1655 679912
1656 768232
1657 768232
1658 768232
1659 768232
1660 755432
1661 768232
1662 768232
1663 768232
1664 772100
1665 820108
1666 825840
1667 851788
1668 839308
1669 829708
1670 841228
1671 821736
1672 757652
1673 812400
1674 749032
1675 754792
1676 768240
1677 806612
1678 773972
1679 749004
1680 854676
1681 838356
1682 843120
1683 906488
1684 837360
1685 856560
1686 822668
1687 862320
1688 811440
1689 854640
1690 806980
1691 821040
1692 806612
1693 757652
1694 786452
1695 782960
1696 750312
1697 801812
1698 800852
1699 756692
1700 751892
1702 1.24548e+06
1703 1.21349e+06
1704 1.24836e+06
1705 1.22309e+06
1706 1.24869e+06
1707 1.23556e+06
1708 902696
1709 862056
1710 806688
1711 832288
1712 838688
1713 829708
1714 857896
1715 875816
1716 826864
1717 858856
1718 819788
1719 818160
1720 838028
1721 777832
1722 757680
1723 827760
1724 804720
1725 769192
1726 767272
1727 813360
1728 891156
1729 845040
1730 812400
1731 806632
1732 806632
1733 806632
1734 779752
1735 718312
1736 806632
1737 806632
1738 806632
1739 806632
1740 768232
1741 806632
1742 806632
1743 806632
1744 807940
1745 852748
1746 864240
1747 872908
1748 868748
1749 865548
1750 854028
1751 807656
1752 815280
1753 831628
1754 793860
1755 808580
1756 816908
1757 864240
1758 831600
1759 806632
1760 875796
1761 875796
1762 845068
1763 906488
1764 837360
1765 856560
1766 829708
1767 862320
1768 811440
1769 854640
1770 808580
1771 821040
1772 806612
1773 757652
1774 786452
1775 780692
1776 749004
1777 801812
1778 800852
1779 756692
1780 751892
1781 797972
1783 1.21762e+06
1784 1.26754e+06
1785 1.22914e+06
1786 1.26754e+06
1787 1.22914e+06
1788 921868
1789 855628
1790 825860
1791 825860
1792 864260
1793 868108
1794 864268
1795 894988
1796 823956
1797 842188
1798 833548
1799 818160
1800 839308
1801 777832
1802 757680
1803 827760
1804 804720
1805 769192
1806 767272
1807 813360
1808 899796
1809 845040
1810 812400
1811 806632
1812 806632
1813 806632
1814 779752
1815 718312
1816 806632
1817 806632
1818 806632
1819 806632
1820 768232
1821 806632
1822 806632
1823 806632
1824 806632
1825 849840
1826 864240
1827 864240
1828 864240
1829 864240
1830 879628
1831 851788
1832 872908
1833 870028
1834 806660
1835 812420
1836 841228
1837 864240
1838 831600
1839 807620
1840 856596
1841 847636
1842 843788
1843 906488
1844 837360
1845 856560
1846 823948
1847 862320
1848 811440
1849 854640
1850 807300
1851 821040
1852 806612
1853 757652
1854 786452
1855 780692
1856 749004
1857 801812
1858 800852
1859 756692
1860 751892
1861 797972
1862 803732
1864 1.22914e+06
1865 1.21634e+06
1866 1.22914e+06
1867 1.21634e+06
1868 883468
1869 842828
1870 787460
1871 813060
1872 825860
1873 829708
1874 838668
1875 856588
1876 808596
1877 840268
1878 822668
1879 818160
1880 838028
1881 777832
1882 757680
1883 827760
1884 804720
1885 769192
1886 767272
1887 813360
1888 893396
1889 845040
1890 812400
1891 806632
1892 806632
1893 806632
1894 779752
1895 718312
1896 806632
1897 806632
1898 806632
1899 806632
1900 768232
1901 806632
1902 806632
1903 806632
1904 806632
1905 849840
1906 864240
1907 864240
1908 864240
1909 864240
1910 854028
1911 813388
1912 834508
1913 831628
1914 793860
1915 808580
1916 822028
1917 864240
1918 831600
1919 806980
1920 846968
1921 833528
1922 843120
1923 906488
1924 837360
1925 856560
1926 821040
1927 862320
1928 811440
1929 854640
1930 806632
1931 821040
1932 806612
1933 757652
1934 786452
1935 780692
1936 749004
1937 801812
1938 800852
1939 756692
1940 751892
1941 797972
1942 803732
1943 795092
1945 1.20991e+06
1946 1.20991e+06
1947 1.20991e+06
1948 864240
1949 836400
1950 768232
1951 806632
1952 806632
1953 810480
1954 825840
1955 837360
1956 800880
1957 839280
1958 817200
1959 818160
1960 837360
1961 777832
1962 757680
1963 827760
1964 804720
1965 769192
1966 767272
1967 813360
1968 890168
1969 845040
1970 812400
1971 806632
1972 806632
1973 806632
1974 779752
1975 718312
1976 806632
1977 806632
1978 806632
1979 806632
1980 768232
1981 806632
1982 806632
1983 806632
1984 806632
1985 849840
1986 864240
1987 864240
1988 864240
1989 864240
1990 841200
1991 794160
1992 815280
1993 812400
1994 787432
1995 806632
1996 812400
1997 864240
1998 831600
1999 806632
2000 846968
2001 833528
2002 843120
2003 906488
2004 837360
2005 856560
2006 821040
2007 862320
2008 811440
2009 854640
2010 806632
2011 821040
2012 806612
2013 757652
2014 786452
2015 780692
2016 749004
2017 801812
2018 800852
2019 756692
2020 751892
2021 797972
2022 803732
2023 795092
2024 806612
2026 1.20991e+06
2027 1.20991e+06
2028 864240
2029 836400
2030 768232
2031 806632
2032 806632
2033 810480
2034 825840
2035 837360
2036 800880
2037 839280
2038 817200
2039 818160
2040 837360
2041 777832
2042 757680
2043 827760
2044 804720
2045 769192
2046 767272
2047 813360
2048 890168
2049 845040
2050 812400
2051 806632
2052 806632
2053 806632
2054 779752
2055 718312
2056 806632
2057 806632
2058 806632
2059 806632
2060 768232
2061 806632
2062 806632
2063 806632
2064 806632
2065 849840
2066 864240
2067 864240
2068 864240
2069 864240
2070 841200
2071 794160
2072 815280
2073 812400
2074 787432
2075 806632
2076 812400
2077 864240
2078 831600
2079 806632
2080 846968
2081 833528
2082 843120
2083 906488
2084 837360
2085 856560
2086 821040
2087 862320
2088 811440
2089 854640
2090 806632
2091 821040
2092 806612
2093 757652
2094 786452
2095 780692
2096 749004
2097 801812
2098 800852
2099 756692
2100 751892
2101 797972
2102 803732
2103 795092
2104 806612
2105 806612
2107 1.20991e+06
2108 864240
2109 836400
2110 768232
2111 806632
2112 806632
2113 810480
2114 825840
2115 837360
2116 800880
2117 839280
2118 817200
2119 818160
2120 837360
2121 777832
2122 757680
2123 827760
2124 804720
2125 769192
2126 767272
2127 813360
2128 890168
2129 845040
2130 812400
2131 806632
2132 806632
2133 806632
2134 779752
2135 718312
2136 806632
2137 806632
2138 806632
2139 806632
2140 768232
2141 806632
2142 806632
2143 806632
2144 806632
2145 849840
2146 864240
2147 864240
2148 864240
2149 864240
2150 841200
2151 794160
2152 815280
2153 812400
2154 787432
2155 806632
2156 812400
2157 864240
2158 831600
2159 806632
2160 846968
2161 833528
2162 843120
2163 906488
2164 837360
2165 856560
2166 821040
2167 862320
2168 811440
2169 854640
2170 806632
2171 821040
2172 806612
2173 757652
2174 786452
2175 780692
2176 749004
2177 801812
2178 800852
2179 756692
2180 751892
2181 797972
2182 803732
2183 795092
2184 806612
2185 806612
2186 806612
2188 864240
2189 836400
2190 768232
2191 806632
2192 806632
2193 810480
2194 825840
2195 837360
2196 800880
2197 839280
2198 817200
2199 818160
2200 837360
2201 777832
2202 757680
2203 827760
2204 804720
2205 769192
2206 767272
2207 813360
2208 890168
2209 845040
2210 812400
2211 806632
2212 806632
2213 806632
2214 779752
2215 718312
2216 806632
2217 806632
2218 806632
2219 806632
2220 768232
2221 806632
2222 806632
2223 806632
2224 806632
2225 849840
2226 864240
2227 864240
2228 864240
2229 864240
2230 841200
2231 794160
2232 815280
2233 812400
2234 787432
2235 806632
2236 812400
2237 864240
2238 831600
2239 806632
2240 846968
2241 833528
2242 843120
2243 906488
2244 837360
2245 856560
2246 821040
2247 862320
2248 811440
2249 854640
2250 806632
2251 821040
2252 806612
2253 757652
2254 786452
2255 780692
2256 749004
2257 801812
2258 800852
2259 756692
2260 751892
2261 797972
2262 803732
2263 795092
2264 806612
2265 806612
2266 806612
2267 806612
2269 836400
2270 768232
2271 806632
2272 806632
2273 810480
2274 825840
2275 837360
2276 800880
2277 839280
2278 817200
2279 818160
2280 837360
2281 777832
2282 757680
2283 827760
2284 804720
2285 769192
2286 767272
2287 813360
2288 890168
2289 845040
2290 812400
2291 806632
2292 806632
2293 806632
2294 779752
2295 718312
2296 806632
2297 806632
2298 806632
2299 806632
2300 768232
2301 806632
2302 806632
2303 806632
2304 806632
2305 849840
2306 864240
2307 864240
2308 864240
2309 864240
2310 841200
2311 794160
2312 815280
2313 812400
2314 787432
2315 806632
2316 812400
2317 864240
2318 831600
2319 806632
2320 846968
2321 833528
2322 843120
2323 906488
2324 837360
2325 856560
2326 821040
2327 862320
2328 811440
2329 854640
2330 806632
2331 821040
2332 806612
2333 757652
2334 786452
2335 780692
2336 749004
2337 801812
2338 800852
2339 756692
2340 751892
2341 797972
2342 803732
2343 795092
2344 806612
2345 806612
2346 806612
2347 806612
2348 518552
2350 768232
2351 806632
2352 806632
2353 810480
2354 825840
2355 837360
2356 800880
2357 839280
2358 817200
2359 818160
2360 837360
2361 777832
2362 757680
2363 827760
2364 804720
2365 769192
2366 767272
2367 813360
2368 890168
2369 845040
2370 812400
2371 806632
2372 806632
2373 806632
2374 779752
2375 718312
2376 806632
2377 806632
2378 806632
2379 806632
2380 768232
2381 806632
2382 806632
2383 806632
2384 806632
2385 849840
2386 864240
2387 864240
2388 864240
2389 864240
2390 841200
2391 794160
2392 815280
2393 812400
2394 787432
2395 806632
2396 812400
2397 864240
2398 831600
2399 806632
2400 808568
2401 795128
2402 804720
2403 868088
2404 798960
2405 818160
2406 782640
2407 823920
2408 773040
2409 816240
2410 768232
2411 782640
2412 806612
2413 757652
2414 786452
2415 780692
2416 749004
2417 801812
2418 800852
2419 756692
2420 751892
2421 797972
2422 803732
2423 795092
2424 806612
2425 806612
2426 806612
2427 806612
2428 518552
2429 490712
2431 768232
2432 768232
2433 772080
2434 787440
2435 798960
2436 762480
2437 800880
2438 778800
2439 779760
2440 798960
2441 739432
2442 719280
2443 789360
2444 766320
2445 730792
2446 728872
2447 774960
2448 813368
2449 781040
2450 774000
2451 768232
2452 768232
2453 768232
2454 741352
2455 679912
2456 768232
2457 768232
2458 768232
2459 768232
2460 755432
2461 768232
2462 768232
2463 768232
2464 768232
2465 811440
2466 825840
2467 825840
2468 825840
2469 825840
2470 802800
2471 781360
2472 776880
2473 774000
2474 749032
2475 768232
2476 774000
2477 825840
2478 793200
2479 768232
2480 846968
2481 833528
2482 843120
2483 906488
2484 837360
2485 856560
2486 821040
2487 862320
2488 811440
2489 857528
2490 839280
2491 855608
2492 899768
2493 836408
2494 844080
2495 872888
2496 773032
2497 821040
2498 802800
2499 756692
2500 751892
2501 805680
2502 825840
2503 824880
2504 808560
2505 817200
2506 820080
2507 807600
2508 518552
2509 490712
2510 460944
2512 806632
2513 810480
2514 825840
2515 837360
2516 800880
2517 839280
2518 817200
2519 818160
2520 837360
2521 777832
2522 757680
2523 827760
2524 804720
2525 769192
2526 767272
2527 836408
2528 928576
2529 860408
2530 911296
2531 892088
2532 880568
2533 899768
2534 856568
2535 814328
2536 879608
2537 885368
2538 904568
2539 864240
2540 849840
2541 810480
2542 806632
2543 806632
2544 839280
2545 875768
2546 889208
2547 921848
2548 885368
2549 899768
2550 858488
2551 832568
2552 847928
2553 840248
2554 797040
2555 807600
2556 814328
2557 864240
2558 831600
2559 806632
2560 846968
2561 833528
2562 843120
2563 906488
2564 837360
2565 856560
2566 821040
2567 862320
2568 811440
2569 857528
2570 839280
2571 855608
2572 899768
2573 836408
2574 844080
2575 872888
2576 773032
2577 821040
2578 802800
2579 756692
2580 751892
2581 805680
2582 825840
2583 824880
2584 808560
2585 817200
2586 820080
2587 807600
2588 518552
2589 490712
2590 460944
2591 460944
2593 810480
2594 825840
2595 837360
2596 800880
2597 839280
2598 817200
2599 818160
2600 837360
2601 777832
2602 757680
2603 827760
2604 804720
2605 769192
2606 767272
2607 836408
2608 928576
2609 860408
2610 911296
2611 892088
2612 880568
2613 899768
2614 856568
2615 814328
2616 879608
2617 885368
2618 904568
2619 864240
2620 849840
2621 810480
2622 806632
2623 806632
2624 839280
2625 875768
2626 889208
2627 921848
2628 885368
2629 899768
2630 858488
2631 832568
2632 847928
2633 840248
2634 797040
2635 807600
2636 814328
2637 864240
2638 831600
2639 806632
2640 846968
2641 833528
2642 843120
2643 906488
2644 837360
2645 856560
2646 821040
2647 862320
2648 811440
2649 857528
2650 839280
2651 855608
2652 899768
2653 836408
2654 844080
2655 872888
2656 773032
2657 821040
2658 802800
2659 756692
2660 751892
2661 805680
2662 825840
2663 824880
2664 808560
2665 817200
2666 820080
2667 807600
2668 518552
2669 490712
2670 460944
2671 460944
2672 460944
2674 825840
2675 837360
2676 800880
2677 839280
2678 817200
2679 818160
2680 837360
2681 777832
2682 757680
2683 827760
2684 804720
2685 769192
2686 767272
2687 836408
2688 928576
2689 860408
2690 911296
2691 892088
2692 880568
2693 899768
2694 856568
2695 814328
2696 879608
2697 885368
2698 904568
2699 864240
2700 849840
2701 810480
2702 806632
2703 806632
2704 839280
2705 875768
2706 889208
2707 921848
2708 885368
2709 899768
2710 858488
2711 832568
2712 847928
2713 840248
2714 797040
2715 807600
2716 814328
2717 864240
2718 831600
2719 806632
2720 846968
2721 833528
2722 843120
2723 906488
2724 837360
2725 856560
2726 821040
2727 862320
2728 811440
2729 857528
2730 839280
2731 855608
2732 899768
2733 836408
2734 844080
2735 872888
2736 773032
2737 821040
2738 802800
2739 756692
2740 751892
2741 805680
2742 825840
2743 824880
2744 808560
2745 817200
2746 820080
2747 807600
2748 518552
2749 490712
2750 460944
2751 460944
2752 460944
2753 464792
2755 837360
2756 800880
2757 839280
2758 817200
2759 818160
2760 837360
2761 777832
2762 757680
2763 827760
2764 804720
2765 769192
2766 767272
2767 836408
2768 928576
2769 860408
2770 911296
2771 892088
2772 880568
2773 899768
2774 856568
2775 814328
2776 879608
2777 885368
2778 904568
2779 864240
2780 849840
2781 810480
2782 806632
2783 806632
2784 839280
2785 875768
2786 889208
2787 921848
2788 885368
2789 899768
2790 858488
2791 832568
2792 847928
2793 840248
2794 797040
2795 807600
2796 814328
2797 864240
2798 831600
2799 806632
2800 846968
2801 833528
2802 843120
2803 906488
2804 837360
2805 856560
2806 821040
2807 862320
2808 811440
2809 857528
2810 839280
2811 855608
2812 899768
2813 836408
2814 844080
2815 872888
2816 773032
2817 821040
2818 802800
2819 756692
2820 751892
2821 805680
2822 825840
2823 824880
2824 808560
2825 817200
2826 820080
2827 807600
2828 518552
2829 490712
2830 460944
2831 460944
2832 460944
2833 464792
2834 480152
2836 800880
2837 839280
2838 817200
2839 818160
2840 837360
2841 777832
2842 757680
2843 827760
2844 804720
2845 769192
2846 767272
2847 836408
2848 928576
2849 860408
2850 911296
2851 892088
2852 880568
2853 899768
2854 856568
2855 814328
2856 879608
2857 885368
2858 904568
2859 864240
2860 849840
2861 810480
2862 806632
2863 806632
2864 839280
2865 875768
2866 889208
2867 921848
2868 885368
2869 899768
2870 858488
2871 832568
2872 847928
2873 840248
2874 797040
2875 807600
2876 814328
2877 864240
2878 831600
2879 806632
2880 846968
2881 833528
2882 843120
2883 906488
2884 837360
2885 856560
2886 821040
2887 862320
2888 811440
2889 857528
2890 839280
2891 855608
2892 899768
2893 836408
2894 844080
2895 872888
2896 773032
2897 821040
2898 802800
2899 756692
2900 751892
2901 805680
2902 825840
2903 824880
2904 808560
2905 817200
2906 820080
2907 807600
2908 518552
2909 490712
2910 460944
2911 460944
2912 460944
2913 464792
2914 480152
2915 491672
2917 839280
2918 817200
2919 818160
2920 837360
2921 777832
2922 757680
2923 827760
2924 804720
2925 769192
2926 767272
2927 836408
2928 928576
2929 860408
2930 911296
2931 892088
2932 880568
2933 899768
2934 856568
2935 814328
2936 879608
2937 885368
2938 904568
2939 864240
2940 849840
2941 810480
2942 806632
2943 806632
2944 839280
2945 875768
2946 889208
2947 921848
2948 885368
2949 899768
2950 858488
2951 832568
2952 847928
2953 840248
2954 797040
2955 807600
2956 814328
2957 864240
2958 831600
2959 806632
2960 846968
2961 833528
2962 843120
2963 906488
2964 837360
2965 856560
2966 821040
2967 862320
2968 811440
2969 857528
2970 839280
2971 855608
2972 899768
2973 836408
2974 844080
2975 872888
2976 773032
2977 821040
2978 802800
2979 756692
2980 751892
2981 805680
2982 825840
2983 824880
2984 808560
2985 817200
2986 820080
2987 807600
2988 518552
2989 490712
2990 460944
2991 460944
2992 460944
2993 464792
2994 480152
2995 491672
2996 455192
2998 817200
2999 818160
3000 837360
3001 777832
3002 757680
3003 827760
3004 804720
3005 769192
3006 767272
3007 836408
3008 928576
3009 860408
3010 911296
3011 892088
3012 880568
3013 899768
3014 856568
3015 814328
3016 879608
3017 885368
3018 904568
3019 864240
3020 849840
3021 810480
3022 806632
3023 806632
3024 839280
3025 875768
3026 889208
3027 921848
3028 885368
3029 899768
3030 858488
3031 832568
3032 847928
3033 840248
3034 797040
3035 807600
3036 814328
3037 864240
3038 831600
3039 806632
3040 846968
3041 833528
3042 843120
3043 906488
3044 837360
3045 856560
3046 821040
3047 862320
3048 811440
3049 857528
3050 839280
3051 855608
3052 899768
3053 836408
3054 844080
3055 872888
3056 773032
3057 821040
3058 802800
3059 756692
3060 751892
3061 805680
3062 825840
3063 824880
3064 808560
3065 817200
3066 820080
3067 807600
3068 518552
3069 490712
3070 460944
3071 460944
3072 460944
3073 464792
3074 480152
3075 491672
3076 455192
3077 493592
3079 818160
3080 837360
3081 777832
3082 757680
3083 827760
3084 804720
3085 769192
3086 767272
3087 836408
3088 928576
3089 860408
3090 911296
3091 892088
3092 880568
3093 899768
3094 856568
3095 814328
3096 879608
3097 885368
3098 904568
3099 864240
3100 849840
3101 810480
3102 806632
3103 806632
3104 839280
3105 875768
3106 889208
3107 921848
3108 885368
3109 899768
3110 858488
3111 832568
3112 847928
3113 840248
3114 797040
3115 807600
3116 814328
3117 864240
3118 831600
3119 806632
3120 846968
3121 833528
3122 843120
3123 906488
3124 837360
3125 856560
3126 821040
3127 862320
3128 811440
3129 857528
3130 839280
3131 855608
3132 899768
3133 836408
3134 844080
3135 872888
3136 773032
3137 821040
3138 802800
3139 756692
3140 751892
3141 805680
3142 825840
3143 824880
3144 808560
3145 817200
3146 820080
3147 807600
3148 518552
3149 490712
3150 460944
3151 460944
3152 460944
3153 464792
3154 480152
3155 491672
3156 455192
3157 493592
3158 471512
3160 837360
3161 777832
3162 757680
3163 827760
3164 804720
3165 769192
3166 767272
3167 836408
3168 928576
3169 860408
3170 911296
3171 892088
3172 880568
3173 899768
3174 856568
3175 814328
3176 879608
3177 885368
3178 904568
3179 864240
3180 849840
3181 810480
3182 806632
3183 806632
3184 839280
3185 875768
3186 889208
3187 921848
3188 885368
3189 899768
3190 858488
3191 832568
3192 847928
3193 840248
3194 797040
3195 807600
3196 814328
3197 864240
3198 831600
3199 806632
3200 846968
3201 833528
3202 843120
3203 906488
3204 837360
3205 856560
3206 821040
3207 862320
3208 811440
3209 857528
3210 839280
3211 855608
3212 899768
3213 836408
3214 844080
3215 872888
3216 773032
3217 821040
3218 802800
3219 756692
3220 751892
3221 805680
3222 825840
3223 824880
3224 808560
3225 817200
3226 820080
3227 807600
3228 518552
3229 490712
3230 460944
3231 460944
3232 460944
3233 464792
3234 480152
3235 491672
3236 455192
3237 493592
3238 471512
3239 472472
3241 777832
3242 757680
3243 827760
3244 804720
3245 769192
3246 767272
3247 836408
3248 928576
3249 860408
3250 911296
3251 892088
3252 880568
3253 899768
3254 856568
3255 814328
3256 879608
3257 885368
3258 904568
3259 864240
3260 849840
3261 810480
3262 806632
3263 806632
3264 839280
3265 875768
3266 889208
3267 921848
3268 885368
3269 899768
3270 858488
3271 832568
3272 847928
3273 840248
3274 797040
3275 807600
3276 814328
3277 864240
3278 831600
3279 806632
3280 846968
3281 833528
3282 843120
3283 906488
3284 837360
3285 856560
3286 821040
3287 862320
3288 811440
3289 857528
3290 839280
3291 855608
3292 899768
3293 836408
3294 844080
3295 872888
3296 773032
3297 821040
3298 802800
3299 756692
3300 751892
3301 805680
3302 825840
3303 824880
3304 808560
3305 817200
3306 820080
3307 807600
3308 518552
3309 490712
3310 460944
3311 460944
3312 460944
3313 464792
3314 480152
3315 491672
3316 455192
3317 493592
3318 471512
3319 472472
3320 491672
3322 757680
3323 827760
3324 804720
3325 769192
3326 767272
3327 836408
3328 928576
3329 860408
3330 911296
3331 892088
3332 880568
3333 899768
3334 856568
3335 814328
3336 879608
3337 885368
3338 904568
3339 864240
3340 849840
3341 810480
3342 806632
3343 806632
3344 839280
3345 875768
3346 889208
3347 921848
3348 885368
3349 899768
3350 858488
3351 832568
3352 847928
3353 840248
3354 797040
3355 807600
3356 814328
3357 864240
3358 831600
3359 806632
3360 846968
3361 833528
3362 843120
3363 906488
3364 837360
3365 856560
3366 821040
3367 862320
3368 811440
3369 857528
3370 839280
3371 855608
3372 899768
3373 836408
3374 844080
3375 872888
3376 773032
3377 821040
3378 802800
3379 756692
3380 751892
3381 805680
3382 825840
3383 824880
3384 808560
3385 817200
3386 820080
3387 807600
3388 518552
3389 490712
3390 460944
3391 460944
3392 460944
3393 464792
3394 480152
3395 491672
3396 455192
3397 493592
3398 471512
3399 472472
3400 491672
3401 432144
3403 846988
3404 862348
3405 788420
3406 824900
3407 855636
3408 985244
3409 880596
3410 930524
3411 949716
3412 880568
3413 938196
3414 914196
3415 871956
3416 880596
3417 922836
3418 962196
3419 921868
3420 907468
3421 829708
3422 806632
3423 806632
3424 839280
3425 875768
3426 889208
3427 921848
3428 885368
3429 899768
3430 877716
3431 890196
3432 905556
3433 897876
3434 854668
3435 865228
3436 814328
3437 864240
3438 831600
3439 806632
3440 846968
3441 833528
3442 843120
3443 906488
3444 837360
3445 856560
3446 821040
3447 862320
3448 811440
3449 857528
3450 839280
3451 855608
3452 899768
3453 836408
3454 844080
3455 872888
3456 773032
3457 821040
3458 802800
3459 756692
3460 751892
3461 805680
3462 825840
3463 824880
3464 808560
3465 817200
3466 820080
3467 807600
3468 518552
3469 490712
3470 460944
3471 460944
3472 460944
3473 464792
3474 480152
3475 491672
3476 455192
3477 493592
3478 471512
3479 472472
3480 491672
3481 432144
3482 411992
3484 823948
3485 775620
3486 786500
3487 842836
3488 947484
3489 867156
3490 917724
3491 911316
3492 880568
3493 912596
3494 875796
3495 833556
3496 879956
3497 897876
3498 923796
3499 883468
3500 869068
3501 816908
3502 806632
3503 806632
3504 839280
3505 875768
3506 889208
3507 921848
3508 885368
3509 899768
3510 864916
3511 851796
3512 867156
3513 859476
3514 816268
3515 826828
3516 814328
3517 864240
3518 831600
3519 806632
3520 846968
3521 833528
3522 843120
3523 906488
3524 837360
3525 856560
3526 821040
3527 862320
3528 811440
3529 857528
3530 839280
3531 855608
3532 899768
3533 836408
3534 844080
3535 872888
3536 773032
3537 821040
3538 802800
3539 756692
3540 751892
3541 805680
3542 825840
3543 824880
3544 808560
3545 817200
3546 820080
3547 807600
3548 518552
3549 490712
3550 460944
3551 460944
3552 460944
3553 464792
3554 480152
3555 491672
3556 455192
3557 493592
3558 471512
3559 472472
3560 491672
3561 432144
3562 411992
3563 482072
3565 769192
3566 767272
3567 836408
3568 928576
3569 860408
3570 911296
3571 892088
3572 880568
3573 899768
3574 856568
3575 814328
3576 879608
3577 885368
3578 904568
3579 864240
3580 849840
3581 810480
3582 806632
3583 806632
3584 839280
3585 875768
3586 889208
3587 921848
3588 885368
3589 899768
3590 858488
3591 832568
3592 847928
3593 840248
3594 797040
3595 807600
3596 814328
3597 864240
3598 831600
3599 806632
3600 846968
3601 833528
3602 843120
3603 906488
3604 837360
3605 856560
3606 821040
3607 862320
3608 811440
3609 857528
3610 839280
3611 855608
3612 899768
3613 836408
3614 844080
3615 872888
3616 773032
3617 821040
3618 802800
3619 756692
3620 751892
3621 805680
3622 825840
3623 824880
3624 808560
3625 817200
3626 820080
3627 807600
3628 518552
3629 490712
3630 460944
3631 460944
3632 460944
3633 464792
3634 480152
3635 491672
3636 455192
3637 493592
3638 471512
3639 472472
3640 491672
3641 432144
3642 411992
3643 482072
3644 459032
3646 767272
3647 836408
3648 928576
3649 860408
3650 911296
3651 892088
3652 880568
3653 899768
3654 856568
3655 814328
3656 879608
3657 885368
3658 904568
3659 864240
3660 849840
3661 810480
3662 806632
3663 806632
3664 839280
3665 875768
3666 889208
3667 921848
3668 885368
3669 899768
3670 858488
3671 832568
3672 847928
3673 840248
3674 797040
3675 807600
3676 814328
3677 864240
3678 831600
3679 806632
3680 846968
3681 833528
3682 843120
3683 906488
3684 837360
3685 856560
3686 821040
3687 862320
3688 811440
3689 857528
3690 839280
3691 855608
3692 899768
3693 836408
3694 844080
3695 872888
3696 773032
3697 821040
3698 802800
3699 756692
3700 751892
3701 805680
3702 825840
3703 824880
3704 808560
3705 817200
3706 820080
3707 807600
3708 518552
3709 490712
3710 460944
3711 460944
3712 460944
3713 464792
3714 480152
3715 491672
3716 455192
3717 493592
3718 471512
3719 472472
3720 491672
3721 432144
3722 411992
3723 482072
3724 459032
3725 423504
3727 836408
3728 928576
3729 860408
3730 911296
3731 892088
3732 880568
3733 899768
3734 856568
3735 814328
3736 879608
3737 885368
3738 904568
3739 864240
3740 849840
3741 810480
3742 806632
3743 806632
3744 839280
3745 875768
3746 889208
3747 921848
3748 885368
3749 899768
3750 858488
3751 832568
3752 847928
3753 840248
3754 797040
3755 807600
3756 814328
3757 864240
3758 831600
3759 806632
3760 846968
3761 833528
3762 843120
3763 906488
3764 837360
3765 856560
3766 821040
3767 862320
3768 811440
3769 857528
3770 839280
3771 855608
3772 899768
3773 836408
3774 844080
3775 872888
3776 773032
3777 821040
3778 802800
3779 756692
3780 751892
3781 805680
3782 825840
3783 824880
3784 808560
3785 817200
3786 820080
3787 807600
3788 518552
3789 490712
3790 460944
3791 460944
3792 460944
3793 464792
3794 480152
3795 491672
3796 455192
3797 493592
3798 471512
3799 472472
3800 491672
3801 432144
3802 411992
3803 482072
3804 459032
3805 423504
3806 421584
3808 928576
3809 860408
3810 911296
3811 892088
3812 880568
3813 899768
3814 856568
3815 814328
3816 879608
3817 885368
3818 904568
3819 864240
3820 849840
3821 810480
3822 806632
3823 806632
3824 839280
3825 875768
3826 889208
3827 921848
3828 885368
3829 899768
3830 858488
3831 832568
3832 847928
3833 840248
3834 797040
3835 807600
3836 814328
3837 864240
3838 831600
3839 806632
3840 846968
3841 833528
3842 843120
3843 906488
3844 837360
3845 856560
3846 821040
3847 862320
3848 811440
3849 857528
3850 839280
3851 855608
3852 899768
3853 836408
3854 844080
3855 872888
3856 773032
3857 821040
3858 802800
3859 756692
3860 751892
3861 805680
3862 825840
3863 824880
3864 808560
3865 817200
3866 820080
3867 807600
3868 518552
3869 490712
3870 460944
3871 460944
3872 460944
3873 464792
3874 480152
3875 491672
3876 455192
3877 493592
3878 471512
3879 472472
3880 491672
3881 432144
3882 411992
3883 482072
3884 459032
3885 423504
3886 421584
3887 490740
3889 879636
3890 968924
3891 949716
3892 918996
3893 957396
3894 875796
3895 871956
3896 898836
3897 942996
3898 923796
3899 921868
3900 907468
3901 868108
3902 864260
3903 864260
3904 858508
3905 933396
3906 908436
3907 979476
3908 904596
3909 899768
3910 858488
3911 832568
3912 847928
3913 840248
3914 797040
3915 807600
3916 814328
3917 864240
3918 831600
3919 806632
3920 827768
3921 814328
3922 823920
3923 887288
3924 818160
3925 837360
3926 801840
3927 843120
3928 792240
3929 837368
3930 809200
3931 824888
3932 868728
3933 810168
3934 824880
3935 842168
3936 765032
3937 814640
3938 802160
3939 756692
3940 751892
3941 803120
3942 818480
3943 814960
3944 807920
3945 813680
3946 815600
3947 807280
3948 518552
3949 490712
3950 460944
3951 460944
3952 460944
3953 464792
3954 480152
3955 491672
3956 455192
3957 493592
3958 471512
3959 472472
3960 491672
3961 432144
3962 411992
3963 482072
3964 459032
3965 423504
3966 421584
3967 483060
3968 550908
3970 878364
3971 863636
3972 849556
3973 868756
3974 818196
3975 782356
3976 842516
3977 859156
3978 859156
3979 845068
3980 835468
3981 809228
3982 806660
3983 806660
3984 815628
3985 867156
3986 868116
3987 902676
3988 865556
3989 868728
3990 833528
3991 813368
3992 817848
3993 811768
3994 774640
3995 788080
3996 794488
3997 845040
3998 812400
3999 787432
4000 913224
4001 898824
4002 900728
4003 1.00634e+06
4004 894968
4005 939136
4006 875776
4007 975616
4008 873856
4009 913224
4010 945876
4011 985252
4012 1.07261e+06
4013 911332
4014 939156
4015 917084
4016 773032
4017 881536
4018 861376
4019 814320
4020 809520
4021 912256
4022 886336
4023 880576
4024 822968
4025 852728
4026 862328
4027 832568
4028 546420
4029 557948
4030 460944
4031 460944
4032 460944
4033 468660
4034 499380
4035 522420
4036 499388
4037 580988
4038 540668
4039 553148
4040 546428
4041 458092
4042 434100
4043 554108
4044 499388
4045 433132
4046 428332
4047 490740
4048 639556
4049 570428
4051 971804
4052 927644
4053 957396
4054 875796
4055 871956
4056 898836
4057 942996
4058 923796
4059 921868
4060 965076
4061 925716
4062 921868
4063 921868
4064 916116
4065 991004
4066 966044
4067 1.03708e+06
4068 962204
4069 976604
4070 973724
4071 890176
4072 905536
4073 897856
4074 835448
4075 865208
4076 871936
4077 921848
4078 889208
4079 864240
4080 913224
4081 898824
4082 900728
4083 1.00634e+06
4084 894968
4085 939136
4086 875776
4087 975616
4088 873856
4089 913224
4090 888248
4091 927624
4092 1.01498e+06
4093 853704
4094 881528
4095 897856
4096 773032
4097 881536
4098 861376
4099 814320
4100 809520
4101 912256
4102 886336
4103 880576
4104 822968
4105 852728
4106 862328
4107 832568
4108 546420
4109 557948
4110 460944
4111 460944
4112 460944
4113 468660
4114 499380
4115 522420
4116 499388
4117 580988
4118 540668
4119 553148
4120 546428
4121 458092
4122 434100
4123 554108
4124 499388
4125 433132
4126 428332
4127 490740
4128 639556
4129 570428
4130 575236
4132 889216
4133 899768
4134 856568
4135 814328
4136 879608
4137 885368
4138 904568
4139 864240
4140 907448
4141 868088
4142 864240
4143 864240
4144 896888
4145 933376
4146 946816
4147 979456
4148 942976
4149 957376
4150 916096
4151 890176
4152 905536
4153 897856
4154 835448
4155 865208
4156 871936
4157 921848
4158 889208
4159 864240
4160 913224
4161 898824
4162 900728
4163 1.00634e+06
4164 894968
4165 939136
4166 875776
4167 975616
4168 873856
4169 913224
4170 888248
4171 927624
4172 1.01498e+06
4173 853704
4174 881528
4175 897856
4176 773032
4177 881536
4178 861376
4179 814320
4180 809520
4181 912256
4182 886336
4183 880576
4184 822968
4185 852728
4186 862328
4187 832568
4188 546420
4189 557948
4190 460944
4191 460944
4192 460944
4193 468660
4194 499380
4195 522420
4196 499388
4197 580988
4198 540668
4199 553148
4200 546428
4201 458092
4202 434100
4203 554108
4204 499388
4205 433132
4206 428332
4207 490740
4208 639556
4209 570428
4210 575236
4211 568508
4213 899768
4214 856568
4215 814328
4216 879608
4217 885368
4218 904568
4219 864240
4220 907448
4221 868088
4222 864240
4223 864240
4224 896888
4225 933376
4226 946816
4227 979456
4228 942976
4229 957376
4230 916096
4231 890176
4232 905536
4233 897856
4234 835448
4235 865208
4236 871936
4237 921848
4238 889208
4239 864240
4240 913224
4241 898824
4242 900728
4243 1.00634e+06
4244 894968
4245 939136
4246 875776
4247 975616
4248 873856
4249 913224
4250 888248
4251 927624
4252 1.01498e+06
4253 853704
4254 881528
4255 897856
4256 773032
4257 881536
4258 861376
4259 814320
4260 809520
4261 912256
4262 886336
4263 880576
4264 822968
4265 852728
4266 862328
4267 832568
4268 546420
4269 557948
4270 460944
4271 460944
4272 460944
4273 468660
4274 499380
4275 522420
4276 499388
4277 580988
4278 540668
4279 553148
4280 546428
4281 458092
4282 434100
4283 554108
4284 499388
4285 433132
4286 428332
4287 490740
4288 639556
4289 570428
4290 575236
4291 568508
4292 543548
4294 856568
4295 814328
4296 879608
4297 885368
4298 904568
4299 864240
4300 907448
4301 868088
4302 864240
4303 864240
4304 896888
4305 933376
4306 946816
4307 979456
4308 942976
4309 957376
4310 916096
4311 890176
4312 905536
4313 897856
4314 835448
4315 865208
4316 871936
4317 921848
4318 889208
4319 864240
4320 859912
4321 845064
4322 846968
4323 952584
4324 841208
4325 885376
4326 822016
4327 921856
4328 820096
4329 859464
4330 834488
4331 873864
4332 961224
4333 799944
4334 827768
4335 844096
4336 719272
4337 827776
4338 807616
4339 760560
4340 755760
4341 858496
4342 832576
4343 826816
4344 769208
4345 798968
4346 808568
4347 778808
4348 506100
4349 517628
4350 420624
4351 420624
4352 420624
4353 428340
4354 459060
4355 482100
4356 462428
4357 540668
4358 501692
4359 514172
4360 506108
4361 420684
4362 398484
4363 513788
4364 459292
4365 393036
4366 388236
4367 450420
4368 599236
4369 530108
4370 534916
4371 528188
4372 503228
4373 513780
4375 770872
4376 825848
4377 831608
4378 850808
4379 810480
4380 853688
4381 814328
4382 810480
4383 810480
4384 843128
4385 879616
4386 893056
4387 925696
4388 889216
4389 903616
4390 863456
4391 837536
4392 851776
4393 844096
4394 781688
4395 811448
4396 818176
4397 868088
4398 836344
4399 810480
4400 738504
4401 722184
4402 724088
4403 829704
4404 718328
4405 762496
4406 699136
4407 798976
4408 697216
4409 736584
4410 711608
4411 750984
4412 838344
4413 677064
4414 704888
4415 721216
4416 596392
4417 704896
4418 684736
4419 637680
4420 632880
4421 735616
4422 709696
4423 703936
4424 646328
4425 676088
4426 685688
4427 655928
4428 413940
4429 425468
4430 328464
4431 328464
4432 328464
4433 336180
4434 366900
4435 389940
4436 381308
4437 448508
4438 413948
4439 426428
4440 413948
4441 338092
4442 321780
4443 421628
4444 367868
4445 301612
4446 296812
4447 358260
4448 507076
4449 437948
4450 442756
4451 436028
4452 411068
4453 421620
4454 391860
4456 702968
4457 708728
4458 727928
4459 687600
4460 730808
4461 691448
4462 687600
4463 687600
4464 720248
4465 756736
4466 770176
4467 802816
4468 766336
4469 780736
4470 744256
4471 718336
4472 728896
4473 721216
4474 658808
4475 688568
4476 695296
4477 745208
4478 716408
4479 687600
4480 915144
4481 898824
4482 900728
4483 1.00634e+06
4484 894968
4485 939136
4486 875776
4487 975616
4488 873856
4489 913224
4490 888248
4491 927624
4492 1.01498e+06
4493 853704
4494 881528
4495 897856
4496 773032
4497 881536
4498 861376
4499 814320
4500 809520
4501 912256
4502 886336
4503 880576
4504 822968
4505 852728
4506 862328
4507 832568
4508 546420
4509 557948
4510 460944
4511 460944
4512 460944
4513 468660
4514 499380
4515 522420
4516 513788
4517 580988
4518 546428
4519 558908
4520 546428
4521 470572
4522 454260
4523 554108
4524 500348
4525 434092
4526 429292
4527 490740
4528 639556
4529 570428
4530 575236
4531 568508
4532 543548
4533 554100
4534 524340
4535 512820
4537 885368
4538 904568
4539 864240
4540 907448
4541 868088
4542 864240
4543 864240
4544 896888
4545 933376
4546 946816
4547 979456
4548 942976
4549 957376
4550 920896
4551 894976
4552 905536
4553 897856
4554 835448
4555 865208
4556 871936
4557 921848
4558 893048
4559 864240
4560 915144
4561 898824
4562 900728
4563 1.00634e+06
4564 894968
4565 939136
4566 875776
4567 975616
4568 873856
4569 913224
4570 888248
4571 927624
4572 1.01498e+06
4573 853704
4574 881528
4575 897856
4576 773032
4577 881536
4578 861376
4579 814320
4580 809520
4581 912256
4582 886336
4583 880576
4584 822968
4585 852728
4586 862328
4587 832568
4588 546420
4589 557948
4590 460944
4591 460944
4592 460944
4593 468660
4594 499380
4595 522420
4596 513788
4597 580988
4598 546428
4599 558908
4600 546428
4601 470572
4602 454260
4603 554108
4604 500348
4605 434092
4606 429292
4607 490740
4608 639556
4609 570428
4610 575236
4611 568508
4612 543548
4613 554100
4614 524340
4615 512820
4616 533940
4618 904568
4619 864240
4620 907448
4621 868088
4622 864240
4623 864240
4624 896888
4625 933376
4626 946816
4627 979456
4628 942976
4629 957376
4630 920896
4631 894976
4632 905536
4633 897856
4634 835448
4635 865208
4636 871936
4637 921848
4638 893048
4639 864240
4640 915144
4641 898824
4642 900728
4643 1.00634e+06
4644 894968
4645 939136
4646 875776
4647 975616
4648 873856
4649 913224
4650 888248
4651 927624
4652 1.01498e+06
4653 853704
4654 881528
4655 897856
4656 773032
4657 881536
4658 861376
4659 814320
4660 809520
4661 912256
4662 886336
4663 880576
4664 822968
4665 852728
4666 862328
4667 832568
4668 546420
4669 557948
4670 460944
4671 460944
4672 460944
4673 468660
4674 499380
4675 522420
4676 513788
4677 580988
4678 546428
4679 558908
4680 546428
4681 470572
4682 454260
4683 554108
4684 500348
4685 434092
4686 429292
4687 490740
4688 639556
4689 570428
4690 575236
4691 568508
4692 543548
4693 554100
4694 524340
4695 512820
4696 533940
4697 539700
4699 864240
4700 907448
4701 868088
4702 864240
4703 864240
4704 896888
4705 933376
4706 946816
4707 979456
4708 942976
4709 957376
4710 920896
4711 894976
4712 905536
4713 897856
4714 835448
4715 865208
4716 871936
4717 921848
4718 893048
4719 864240
4720 915144
4721 898824
4722 900728
4723 1.00634e+06
4724 894968
4725 939136
4726 875776
4727 975616
4728 873856
4729 913224
4730 888248
4731 927624
4732 1.01498e+06
4733 853704
4734 881528
4735 897856
4736 773032
4737 881536
4738 861376
4739 814320
4740 809520
4741 912256
4742 886336
4743 880576
4744 822968
4745 852728
4746 862328
4747 832568
4748 546420
4749 557948
4750 460944
4751 460944
4752 460944
4753 468660
4754 499380
4755 522420
4756 513788
4757 580988
4758 546428
4759 558908
4760 546428
4761 470572
4762 454260
4763 554108
4764 500348
4765 434092
4766 429292
4767 490740
4768 639556
4769 570428
4770 575236
4771 568508
4772 543548
4773 554100
4774 524340
4775 512820
4776 533940
4777 539700
4778 558900
4780 907448
4781 868088
4782 864240
4783 864240
4784 896888
4785 933376
4786 946816
4787 979456
4788 942976
4789 957376
4790 920896
4791 894976
4792 905536
4793 897856
4794 835448
4795 865208
4796 871936
4797 921848
4798 893048
4799 864240
4800 972772
4801 956452
4802 958356
4803 1.04477e+06
4804 894968
4805 977564
4806 933404
4807 1.03324e+06
4808 873856
4809 913224
4810 888248
4811 927624
4812 1.01498e+06
4813 853704
4814 881528
4815 897856
4816 773032
4817 881536
4818 861376
4819 814320
4820 809520
4821 912256
4822 886336
4823 880576
4824 822968
4825 852728
4826 862328
4827 832568
4828 546420
4829 557948
4830 460944
4831 460944
4832 460944
4833 468660
4834 499380
4835 522420
4836 513788
4837 580988
4838 546428
4839 558908
4840 546428
4841 470572
4842 454260
4843 554108
4844 500348
4845 434092
4846 429292
4847 490740
4848 639556
4849 570428
4850 575236
4851 568508
4852 543548
4853 554100
4854 524340
4855 512820
4856 533940
4857 539700
4858 558900
4859 518572
4861 887316
4862 921868
4863 883468
4864 954516
4865 952604
4866 1.00444e+06
4867 998684
4868 1.0006e+06
4869 1.015e+06
4870 959324
4871 894976
4872 905536
4873 897856
4874 835448
4875 865208
4876 871936
4877 978516
4878 913236
4879 883468
4880 934372
4881 918052
4882 958384
4883 1.0768e+06
4884 952596
4885 1.00959e+06
4886 914232
4887 994844
4888 873856
4889 913224
4890 888248
4891 927624
4892 1.01498e+06
4893 853704
4894 881528
4895 897856
4896 773032
4897 881536
4898 861376
4899 814320
4900 809520
4901 912256
4902 886336
4903 880576
4904 822968
4905 852728
4906 862328
4907 832568
4908 546420
4909 557948
4910 460944
4911 460944
4912 460944
4913 468660
4914 499380
4915 522420
4916 513788
4917 580988
4918 546428
4919 558908
4920 546428
4921 470572
4922 454260
4923 554108
4924 500348
4925 434092
4926 429292
4927 490740
4928 639556
4929 570428
4930 575236
4931 568508
4932 543548
4933 554100
4934 524340
4935 512820
4936 533940
4937 539700
4938 558900
4939 518572
4940 561780
4942 902696
4943 928296
4944 935344
4945 997432
4946 985272
4947 1.04351e+06
4948 981432
4949 1.03423e+06
4950 952952
4951 952604
4952 924764
4953 897856
4954 873876
4955 922836
4956 929564
4957 997424
4958 919984
4959 870668
4960 972772
4961 956452
4962 971184
4963 1.064e+06
4964 971824
4965 1.01599e+06
4966 939832
4967 1.03324e+06
4968 873856
4969 913224
4970 888248
4971 927624
4972 1.01498e+06
4973 853704
4974 881528
4975 897856
4976 773032
4977 881536
4978 861376
4979 814320
4980 809520
4981 912256
4982 886336
4983 880576
4984 822968
4985 852728
4986 862328
4987 832568
4988 546420
4989 557948
4990 460944
4991 460944
4992 499372
4993 526288
4994 557008
4995 522420
4996 552216
4997 619416
4998 546428
4999 558908
5000 546428
5001 470572
5002 454260
5003 554108
5004 500348
5005 434092
5006 429292
5007 490740
5008 639556
5009 570428
5010 575236
5011 568508
5012 543548
5013 554100
5014 524340
5015 512820
5016 533940
5017 539700
5018 558900
5019 518572
5020 561780
5021 522420
5023 902696
5024 960944
5025 971832
5026 1.01087e+06
5027 1.01791e+06
5028 1.00703e+06
5029 1.03423e+06
5030 965752
5031 914204
5032 911964
5033 897856
5034 848276
5035 884436
5036 891164
5037 997424
5038 919984
5039 883468
5040 934372
5041 918052
5042 958384
5043 1.0768e+06
5044 971824
5045 1.01599e+06
5046 914232
5047 994844
5048 873856
5049 913224
5050 888248
5051 927624
5052 1.01498e+06
5053 853704
5054 881528
5055 897856
5056 773032
5057 881536
5058 861376
5059 814320
5060 809520
5061 912256
5062 886336
5063 880576
5064 822968
5065 852728
5066 862328
5067 832568
5068 546420
5069 557948
5070 460944
5071 460944
5072 473772
5073 487888
5074 518608
5075 522420
5076 526616
5077 593816
5078 546428
5079 558908
5080 546428
5081 470572
5082 454260
5083 554108
5084 500348
5085 434092
5086 429292
5087 490740
5088 639556
5089 570428
5090 575236
5091 568508
5092 543548
5093 554100
5094 524340
5095 512820
5096 533940
5097 539700
5098 558900
5099 518572
5100 561780
5101 522420
5102 518572
5104 935344
5105 997432
5106 985272
5107 1.04351e+06
5108 981432
5109 1.03423e+06
5110 952952
5111 952604
5112 924764
5113 955484
5114 893076
5115 922836
5116 929564
5117 997424
5118 957424
5119 910056
5120 972772
5121 956452
5122 971184
5123 1.064e+06
5124 971824
5125 1.01599e+06
5126 939832
5127 1.03324e+06
5128 873856
5129 913224
5130 888248
5131 927624
5132 1.07261e+06
5133 911332
5134 939156
5135 955484
5136 830660
5137 900764
5138 861376
5139 814320
5140 867148
5141 931484
5142 886336
5143 880576
5144 822968
5145 852728
5146 862328
5147 832568
5148 546420
5149 557948
5150 460944
5151 460944
5152 499372
5153 526288
5154 557008
5155 522420
5156 552216
5157 619416
5158 546428
5159 558908
5160 546428
5161 470572
5162 454260
5163 554108
5164 500348
5165 434092
5166 429292
5167 490740
5168 639556
5169 570428
5170 575236
5171 568508
5172 543548
5173 554100
5174 524340
5175 512820
5176 533940
5177 539700
5178 558900
5179 518572
5180 561780
5181 522420
5182 518572
5183 518572
5185 971832
5186 1.01087e+06
5187 1.01791e+06
5188 1.00703e+06
5189 1.03423e+06
5190 984952
5191 971832
5192 969592
5193 974712
5194 893104
5195 942064
5196 910392
5197 997424
5198 932464
5199 896616
5200 992000
5201 918052
5202 958384
5203 1.0768e+06
5204 971824
5205 1.01599e+06
5206 914232
5207 994844
5208 873856
5209 913224
5210 888248
5211 927624
5212 1.03421e+06
5213 872932
5214 900756
5215 917084
5216 792260
5217 887964
5218 861376
5219 814320
5220 828748
5221 918684
5222 886336
5223 880576
5224 822968
5225 852728
5226 862328
5227 832568
5228 546420
5229 557948
5230 460944
5231 460944
5232 473772
5233 487888
5234 518608
5235 522420
5236 526616
5237 593816
5238 546428
5239 558908
5240 546428
5241 470572
5242 454260
5243 554108
5244 500348
5245 434092
5246 429292
5247 490740
5248 639556
5249 570428
5250 575236
5251 568508
5252 543548
5253 554100
5254 524340
5255 512820
5256 533940
5257 539700
5258 558900
5259 518572
5260 561780
5261 522420
5262 518572
5263 518572
5264 551220
5266 985272
5267 1.04351e+06
5268 981432
5269 1.03423e+06
5270 959352
5271 971832
5272 943992
5273 974712
5274 905904
5275 942064
5276 935992
5277 998384
5278 957424
5279 928296
5280 972772
5281 956452
5282 958356
5283 1.04477e+06
5284 952596
5285 996764
5286 933404
5287 1.03324e+06
5288 873856
5289 913224
5290 888248
5291 927624
5292 1.07261e+06
5293 911332
5294 939156
5295 955484
5296 830660
5297 900764
5298 861376
5299 814320
5300 867148
5301 931484
5302 886336
5303 880576
5304 822968
5305 852728
5306 862328
5307 832568
5308 546420
5309 557948
5310 460944
5311 460944
5312 499372
5313 526288
5314 557008
5315 522420
5316 552216
5317 619416
5318 546428
5319 558908
5320 546428
5321 470572
5322 454260
5323 554108
5324 500348
5325 434092
5326 429292
5327 490740
5328 639556
5329 570428
5330 575236
5331 568508
5332 543548
5333 554100
5334 524340
5335 512820
5336 533940
5337 539700
5338 558900
5339 518572
5340 561780
5341 522420
5342 518572
5343 518572
5344 551220
5345 587708
5347 998684
5348 1.0006e+06
5349 1.015e+06
5350 978524
5351 952604
5352 963164
5353 955484
5354 873876
5355 922836
5356 891164
5357 979476
5358 950676
5359 921868
5360 934372
5361 937280
5362 977584
5363 1.01917e+06
5364 914196
5365 958364
5366 895004
5367 994844
5368 873856
5369 913224
5370 888248
5371 927624
5372 1.03421e+06
5373 872932
5374 958384
5375 974712
5376 849888
5377 945592
5378 861376
5379 814320
5380 828748
5381 918684
5382 886336
5383 880576
5384 822968
5385 852728
5386 862328
5387 832568
5388 546420
5389 557948
5390 460944
5391 460944
5392 473772
5393 487888
5394 518608
5395 522420
5396 545844
5397 651444
5398 546428
5399 597336
5400 604056
5401 528200
5402 511888
5403 573336
5404 500348
5405 434092
5406 429292
5407 490740
5408 639556
5409 570428
5410 575236
5411 568508
5412 543548
5413 554100
5414 524340
5415 512820
5416 533940
5417 539700
5418 558900
5419 518572
5420 561780
5421 522420
5422 518572
5423 518572
5424 551220
5425 587708
5426 639576
5428 1.00066e+06
5429 1.14947e+06
5430 1.03619e+06
5431 1.01026e+06
5432 1.00162e+06
5433 1.03234e+06
5434 963532
5435 999692
5436 935992
5437 1.03713e+06
5438 969932
5439 883468
5440 972772
5441 956452
5442 958356
5443 1.04477e+06
5444 952596
5445 996764
5446 933404
5447 1.03324e+06
5448 873856
5449 913224
5450 888248
5451 927624
5452 1.07261e+06
5453 911332
5454 958384
5455 974712
5456 849888
5457 919992
5458 880604
5459 871948
5460 867148
5461 969884
5462 924764
5463 880576
5464 822968
5465 852728
5466 862328
5467 832568
5468 584848
5469 615576
5470 518572
5471 518572
5472 518572
5473 526288
5474 557008
5475 522420
5476 552216
5477 619416
5478 546428
5479 558908
5480 546428
5481 470572
5482 454260
5483 554108
5484 500348
5485 434092
5486 429292
5487 490740
5488 639556
5489 570428
5490 575236
5491 568508
5492 543548
5493 554100
5494 524340
5495 512820
5496 533940
5497 539700
5498 558900
5499 518572
5500 561780
5501 522420
5502 518572
5503 518572
5504 551220
5505 587708
5506 613976
5507 646616
5509 1.05344e+06
5510 1.00416e+06
5511 965432
5512 982392
5513 974712
5514 893104
5515 942064
5516 891164
5517 992304
5518 963504
5519 921868
5520 972772
5521 956452
5522 958356
5523 1.1024e+06
5524 1.01022e+06
5525 1.05439e+06
5526 991032
5527 1.03324e+06
5528 873856
5529 913224
5530 888248
5531 927624
5532 1.07261e+06
5533 911332
5534 996784
5535 1.01311e+06
5536 888288
5537 958392
5538 938232
5539 891176
5540 867148
5541 969884
5542 924764
5543 880576
5544 822968
5545 852728
5546 862328
5547 832568
5548 584848
5549 615576
5550 518572
5551 518572
5552 518572
5553 526288
5554 557008
5555 522420
5556 552216
5557 619416
5558 546428
5559 558908
5560 546428
5561 470572
5562 454260
5563 554108
5564 500348
5565 434092
5566 429292
5567 490740
5568 639556
5569 570428
5570 575236
5571 568508
5572 543548
5573 554100
5574 524340
5575 512820
5576 533940
5577 539700
5578 558900
5579 518572
5580 561780
5581 522420
5582 518572
5583 518572
5584 551220
5585 587708
5586 639576
5587 672216
5588 597308
5590 1.05536e+06
5591 991032
5592 1.02079e+06
5593 1.01311e+06
5594 931504
5595 980464
5596 948792
5597 1.0371e+06
5598 989104
5599 921868
5600 972772
5601 956452
5602 958356
5603 1.1024e+06
5604 1.01022e+06
5605 1.05439e+06
5606 991032
5607 1.03324e+06
5608 873856
5609 913224
5610 888248
5611 927624
5612 1.07261e+06
5613 911332
5614 996784
5615 1.01311e+06
5616 888288
5617 958392
5618 938232
5619 891176
5620 867148
5621 969884
5622 924764
5623 880576
5624 822968
5625 852728
5626 862328
5627 832568
5628 584848
5629 615576
5630 518572
5631 518572
5632 518572
5633 526288
5634 557008
5635 522420
5636 552216
5637 619416
5638 546428
5639 558908
5640 546428
5641 470572
5642 454260
5643 554108
5644 500348
5645 434092
5646 429292
5647 490740
5648 639556
5649 570428
5650 575236
5651 568508
5652 543548
5653 554100
5654 524340
5655 512820
5656 533940
5657 539700
5658 558900
5659 518572
5660 561780
5661 522420
5662 518572
5663 518572
5664 551220
5665 587708
5666 639576
5667 672216
5668 597308
5669 669336
5671 991032
5672 1.02079e+06
5673 1.01311e+06
5674 931504
5675 980464
5676 948792
5677 1.0371e+06
5678 989104
5679 921868
5680 890212
5681 874532
5682 881556
5683 978240
5684 914224
5685 941752
5686 896952
5687 919324
5688 793856
5689 835784
5690 795448
5691 818184
5692 933732
5693 847332
5694 914224
5695 915832
5696 853088
5697 886072
5698 878712
5699 846376
5700 828748
5701 893724
5702 869724
5703 823616
5704 812088
5705 822008
5706 825208
5707 815288
5708 566288
5709 570776
5710 518572
5711 518572
5712 518572
5713 523728
5714 544208
5715 501940
5716 522776
5717 561176
5718 500348
5719 505148
5720 509948
5721 453292
5722 439540
5723 506108
5724 473468
5725 427692
5726 424812
5727 475380
5728 537796
5729 497468
5730 502916
5731 496828
5732 488508
5733 492020
5734 473140
5735 448820
5736 485300
5737 487220
5738 493620
5739 480172
5740 494580
5741 481460
5742 480172
5743 480172
5744 491060
5745 532028
5746 571736
5747 582616
5748 544828
5749 588056
5750 538136
5752 903032
5753 898552
5754 841904
5755 883824
5756 851512
5757 941104
5758 899504
5759 845068
5760 1.10722e+06
5761 1.07266e+06
5762 1.04768e+06
5763 1.17634e+06
5764 1.08032e+06
5765 1.13313e+06
5766 1.02945e+06
5767 1.06013e+06
5768 958352
5769 938184
5770 939136
5771 985232
5772 1.11966e+06
5773 926700
5774 1.00735e+06
5775 1.02752e+06
5776 996784
5777 1.04193e+06
5778 1.03521e+06
5779 1.02272e+06
5780 982372
5781 1.08318e+06
5782 1.00734e+06
5783 975632
5784 923784
5785 976584
5786 949704
5787 917064
5788 665504
5789 708712
5790 588688
5791 629008
5792 581968
5793 632864
5794 620384
5795 624196
5796 609824
5797 725032
5798 604036
5799 634764
5800 650124
5801 528180
5802 512836
5803 653964
5804 576204
5805 491700
5806 486900
5807 555076
5808 665484
5809 570428
5810 581004
5811 568508
5812 543548
5813 554100
5814 524340
5815 512820
5816 533940
5817 539700
5818 558900
5819 518572
5820 561780
5821 522420
5822 567540
5823 576180
5824 608828
5825 633804
5826 675104
5827 723104
5828 679904
5829 701024
5830 707752
5831 722152
5833 1.08609e+06
5834 991032
5835 1.07647e+06
5836 1.02945e+06
5837 1.16673e+06
5838 1.08033e+06
5839 1.08319e+06
5840 1.0496e+06
5841 1.01504e+06
5842 990052
5843 1.11872e+06
5844 1.02269e+06
5845 1.0755e+06
5846 971820
5847 1.06013e+06
5848 958352
5849 938184
5850 939136
5851 985232
5852 1.11966e+06
5853 926700
5854 949724
5855 969892
5856 939156
5857 984300
5858 977580
5859 1.00349e+06
5860 982372
5861 1.08318e+06
5862 1.00734e+06
5863 975632
5864 923784
5865 976584
5866 949704
5867 917064
5868 665504
5869 708712
5870 588688
5871 629008
5872 581968
5873 632864
5874 620384
5875 624196
5876 609824
5877 725032
5878 604036
5879 634764
5880 650124
5881 528180
5882 512836
5883 653964
5884 576204
5885 491700
5886 486900
5887 555076
5888 665484
5889 570428
5890 581004
5891 568508
5892 543548
5893 554100
5894 524340
5895 512820
5896 533940
5897 539700
5898 558900
5899 518572
5900 561780
5901 522420
5902 567540
5903 576180
5904 608828
5905 633804
5906 636676
5907 665476
5908 622276
5909 643396
5910 650124
5911 664524
5912 626124
5914 933404
5915 1.01884e+06
5916 971820
5917 1.1091e+06
5918 1.0419e+06
5919 1.02556e+06
5920 958716
5921 929276
5922 901092
5923 1.01504e+06
5924 935652
5925 982060
5926 890220
5927 964772
5928 899152
5929 864584
5930 881536
5931 922832
5932 1.02366e+06
5933 847020
5934 860444
5935 882532
5936 862356
5937 902700
5938 896300
5939 924132
5940 904612
5941 990060
5942 918700
5943 902672
5944 846984
5945 899784
5946 872904
5947 840264
5948 595104
5949 641192
5950 531088
5951 571408
5952 524368
5953 573984
5954 556384
5955 575556
5956 555744
5957 662952
5958 560196
5959 590604
5960 601484
5961 495220
5962 484036
5963 608524
5964 538124
5965 465460
5966 461300
5967 514436
5968 618444
5969 532028
5970 540684
5971 530108
5972 505148
5973 515700
5974 490420
5975 489140
5976 495540
5977 501300
5978 520500
5979 480172
5980 523380
5981 484020
5982 529140
5983 537780
5984 570428
5985 581004
5986 579076
5987 607876
5988 564676
5989 585796
5990 598604
5991 615884
5992 584844
5993 584844
5995 942044
5996 905900
5997 1.0131e+06
5998 955500
5999 948764
6000 1.12064e+06
6001 1.10336e+06
6002 1.06878e+06
6003 1.13408e+06
6004 1.10718e+06
6005 1.14079e+06
6006 1.07263e+06
6007 1.11966e+06
6008 1.06876e+06
6009 1.00539e+06
6010 1.05435e+06
6011 1.08604e+06
6012 1.17727e+06
6013 1.03327e+06
6014 1.02749e+06
6015 1.05342e+06
6016 1.05437e+06
6017 1.08511e+06
6018 1.07935e+06
6019 1.11102e+06
6020 1.0947e+06
6021 1.14943e+06
6022 1.06783e+06
6023 1.04476e+06
6024 981392
6025 1.03419e+06
6026 1.00731e+06
6027 974672
6028 723112
6029 794160
6030 703904
6031 744224
6032 697184
6033 744232
6034 716392
6035 708684
6036 701992
6037 807600
6038 697164
6039 726932
6040 734612
6041 647236
6042 636684
6043 748052
6044 691412
6045 642436
6046 639556
6047 663564
6048 754772
6049 685644
6050 690452
6051 683724
6052 658764
6053 669316
6054 639556
6055 628036
6056 649156
6057 654916
6058 674116
6059 633788
6060 676996
6061 637636
6062 682756
6063 691396
6064 724044
6065 705812
6066 694284
6067 723084
6068 679884
6069 701004
6070 721172
6071 744212
6072 732692
6073 734612
6074 683724
6076 1.08127e+06
6077 1.16671e+06
6078 1.12447e+06
6079 1.14078e+06
6080 1.08224e+06
6081 1.06496e+06
6082 1.03038e+06
6083 1.10848e+06
6084 1.06878e+06
6085 1.10239e+06
6086 1.03423e+06
6087 1.08126e+06
6088 1.06876e+06
6089 1.00539e+06
6090 1.05435e+06
6091 1.08604e+06
6092 1.13887e+06
6093 994868
6094 989092
6095 1.01502e+06
6096 1.01597e+06
6097 1.04671e+06
6098 1.04095e+06
6099 1.07262e+06
6100 1.0563e+06
6101 1.11103e+06
6102 1.04223e+06
6103 1.04476e+06
6104 981392
6105 1.03419e+06
6106 1.00731e+06
6107 974672
6108 697512
6109 755760
6110 665504
6111 705824
6112 658784
6113 705832
6114 677992
6115 708684
6116 676392
6117 782000
6118 697164
6119 726932
6120 734612
6121 647236
6122 636684
6123 748052
6124 691412
6125 642436
6126 639556
6127 663564
6128 754772
6129 685644
6130 690452
6131 683724
6132 658764
6133 669316
6134 639556
6135 628036
6136 649156
6137 654916
6138 674116
6139 633788
6140 676996
6141 637636
6142 682756
6143 691396
6144 724044
6145 705812
6146 694284
6147 723084
6148 679884
6149 701004
6150 721172
6151 744212
6152 732692
6153 734612
6154 683724
6155 730764
6157 1.12831e+06
6158 1.08607e+06
6159 1.10238e+06
6160 1.06301e+06
6161 1.04573e+06
6162 1.01115e+06
6163 1.09565e+06
6164 1.04955e+06
6165 1.08316e+06
6166 1.015e+06
6167 1.06203e+06
6168 1.06876e+06
6169 1.00539e+06
6170 1.05435e+06
6171 1.08604e+06
6172 1.11964e+06
6173 975640
6174 969864
6175 995792
6176 996744
6177 1.02748e+06
6178 1.02172e+06
6179 1.05339e+06
6180 1.03707e+06
6181 1.0918e+06
6182 1.0294e+06
6183 1.04476e+06
6184 981392
6185 1.03419e+06
6186 1.00731e+06
6187 974672
6188 684684
6189 736532
6190 646276
6191 686596
6192 639556
6193 686604
6194 658764
6195 708684
6196 663564
6197 769172
6198 697164
6199 726932
6200 734612
6201 647236
6202 636684
6203 748052
6204 691412
6205 642436
6206 639556
6207 663564
6208 754772
6209 685644
6210 690452
6211 683724
6212 658764
6213 669316
6214 639556
6215 628036
6216 649156
6217 654916
6218 674116
6219 633788
6220 676996
6221 637636
6222 682756
6223 691396
6224 724044
6225 705812
6226 694284
6227 723084
6228 679884
6229 701004
6230 721172
6231 744212
6232 732692
6233 734612
6234 683724
6235 730764
6236 716372
6238 1.06684e+06
6239 1.08315e+06
6240 1.06301e+06
6241 1.04573e+06
6242 1.01115e+06
6243 1.09565e+06
6244 1.04955e+06
6245 1.08316e+06
6246 1.015e+06
6247 1.06203e+06
6248 1.06876e+06
6249 1.00539e+06
6250 1.05435e+06
6251 1.08604e+06
6252 1.11964e+06
6253 975640
6254 969864
6255 995792
6256 996744
6257 1.02748e+06
6258 1.02172e+06
6259 1.05339e+06
6260 1.03707e+06
6261 1.0918e+06
6262 1.0294e+06
6263 1.04476e+06
6264 981392
6265 1.03419e+06
6266 1.00731e+06
6267 974672
6268 684684
6269 736532
6270 646276
6271 686596
6272 639556
6273 686604
6274 658764
6275 708684
6276 663564
6277 769172
6278 697164
6279 726932
6280 734612
6281 647236
6282 636684
6283 748052
6284 691412
6285 642436
6286 639556
6287 663564
6288 754772
6289 685644
6290 690452
6291 683724
6292 658764
6293 669316
6294 639556
6295 628036
6296 649156
6297 654916
6298 674116
6299 633788
6300 676996
6301 637636
6302 682756
6303 691396
6304 724044
6305 705812
6306 694284
6307 723084
6308 679884
6309 701004
6310 721172
6311 744212
6312 732692
6313 734612
6314 683724
6315 730764
6316 716372
6317 763412
6319 1.08315e+06
6320 1.06301e+06
6321 1.04573e+06
6322 1.01115e+06
6323 1.09565e+06
6324 1.04955e+06
6325 1.08316e+06
6326 1.015e+06
6327 1.06203e+06
6328 1.06876e+06
6329 1.00539e+06
6330 1.05435e+06
6331 1.08604e+06
6332 1.11964e+06
6333 975640
6334 969864
6335 995792
6336 996744
6337 1.02748e+06
6338 1.02172e+06
6339 1.05339e+06
6340 1.03707e+06
6341 1.0918e+06
6342 1.0294e+06
6343 1.04476e+06
6344 981392
6345 1.03419e+06
6346 1.00731e+06
6347 974672
6348 684684
6349 736532
6350 646276
6351 686596
6352 639556
6353 686604
6354 658764
6355 708684
6356 663564
6357 769172
6358 697164
6359 726932
6360 734612
6361 647236
6362 636684
6363 748052
6364 691412
6365 642436
6366 639556
6367 663564
6368 754772
6369 685644
6370 690452
6371 683724
6372 658764
6373 669316
6374 639556
6375 628036
6376 649156
6377 654916
6378 674116
6379 633788
6380 676996
6381 637636
6382 682756
6383 691396
6384 724044
6385 705812
6386 694284
6387 723084
6388 679884
6389 701004
6390 721172
6391 744212
6392 732692
6393 734612
6394 683724
6395 730764
6396 716372
6397 763412
6398 721172
